trial_index,relative_spike_time
1,-0.3315999999999981
1,-0.31299999999999883
1,-0.2298000000000009
1,-0.19204999999999828
1,0.08869999999999933
1,0.21105000000000018
1,0.4086999999999996
1,0.76905
1,0.8148000000000017
2,-0.19329999999999714
2,-0.11104999999999876
2,-0.09259999999999735
2,0.08035000000000281
2,0.30205000000000126
2,0.46255000000000024
2,0.6864000000000026
2,0.9165500000000009
3,0.17740000000000222
3,0.27195000000000036
3,0.3888500000000015
3,0.47139999999999915
3,0.7859499999999997
3,0.9003000000000014
4,-0.48999999999999844
4,-0.47524999999999906
4,-0.4507999999999974
4,-0.42949999999999733
4,0.3397000000000041
4,0.5069499999999998
4,0.5398999999999994
4,0.5578000000000038
4,0.571200000000001
4,0.5787000000000013
4,0.590250000000001
4,0.5974000000000039
4,0.6034499999999987
4,0.61355
4,0.6217500000000022
4,0.6277000000000008
4,0.6367500000000028
4,0.6431500000000021
4,0.6526500000000048
4,0.6601000000000035
4,0.668250000000004
4,0.6781499999999987
4,0.7245000000000026
4,0.7357499999999995
5,-0.04894999999999783
5,0.03635000000000588
5,0.08185000000000286
5,0.32185000000000485
5,0.43285000000000196
5,0.5493000000000023
5,0.6840000000000046
6,-0.49714999999999776
6,-0.43889999999999674
6,-0.323449999999994
6,-0.31144999999999357
6,-0.29879999999999285
6,-0.25899999999999324
6,-0.2292499999999933
6,-0.21519999999999584
6,-0.2050999999999945
6,-0.19404999999999717
6,0.13530000000000086
6,0.23485000000000156
6,0.37290000000000134
6,0.43130000000000734
6,0.4930000000000021
6,0.5094500000000011
6,0.5232500000000044
6,0.5331500000000062
6,0.5428500000000014
6,0.5522500000000008
6,0.5665500000000065
6,0.5710500000000067
6,0.5790000000000077
6,0.5949000000000026
6,0.6071000000000026
7,-0.06860000000000355
7,0.008099999999998886
7,0.10085000000000122
7,0.23349999999999937
7,0.31689999999999685
7,0.3727000000000018
7,0.4507499999999993
7,0.5099499999999964
7,0.596899999999998
7,0.6827499999999986
8,-0.0038999999999944635
8,0.05765000000000242
8,0.07660000000000622
8,0.20504999999999995
8,0.2826000000000022
8,0.39570000000000505
8,0.5586000000000055
9,0.0028500000000022396
9,0.11965000000000714
9,0.2612000000000023
9,0.34335000000000093
9,0.45240000000000435
9,0.5160000000000053
9,0.5994000000000028
9,0.676550000000006
10,-0.06550000000000011
10,0.011699999999997601
10,0.06674999999999898
10,0.17425000000000068
10,0.21164999999999878
10,0.22050000000000125
10,0.27965000000000373
10,0.31210000000000093
10,0.36120000000000374
10,0.3988999999999976
10,0.41405000000000314
10,0.42210000000000036
10,0.4294500000000028
10,0.43755000000000166
10,0.4449499999999986
10,0.4551500000000033
10,0.46059999999999945
10,0.4662500000000023
10,0.48100000000000165
10,0.5133999999999972
10,0.7816499999999991
10,1.2571500000000029
11,0.046649999999999636
11,0.07635000000000502
11,0.1767499999999984
11,0.22075000000000244
11,0.27890000000000015
11,0.3850000000000051
11,0.49875000000000114
11,0.6109000000000009
11,0.8196500000000029
11,0.9181999999999988
11,1.0210000000000008
12,0.06205000000000638
12,0.12605000000000643
12,0.22930000000000206
12,0.2500000000000071
12,0.3475000000000037
12,0.4792500000000075
12,0.4985500000000016
12,0.5115000000000052
12,0.525650000000006
12,0.5691000000000059
12,0.9135500000000079
12,0.9359000000000037
13,-0.42199999999999704
13,-0.3970500000000001
13,-0.06034999999999968
13,0.04005000000000081
13,0.08605000000000018
13,0.16045000000000442
13,0.20495000000000374
13,0.35770000000000124
13,0.5706500000000005
13,0.6658000000000044
13,0.7817500000000024
13,1.2366000000000028
14,-0.32799999999999585
14,-0.22784999999999656
14,0.06695000000000562
14,0.17565000000000452
14,0.24355000000000615
14,0.3253000000000057
14,0.39280000000000825
14,0.8313000000000059
15,-0.39579999999999416
15,0.0691500000000076
15,0.12870000000000914
15,0.24810000000000798
15,0.33559999999999945
15,0.4038500000000056
15,0.43505000000000393
15,0.4934000000000083
15,0.5796500000000009
15,0.6256500000000074
15,0.8878500000000003
15,1.0149000000000115
16,-0.4383499999999998
16,-0.37719999999998777
16,-0.2551999999999879
16,-0.17089999999998895
16,-0.017649999999989063
16,0.06935000000000002
16,0.20095000000000596
16,0.252200000000002
16,0.332650000000001
16,0.5349000000000075
16,1.3442500000000024
17,-0.31340000000000146
17,0.06009999999999138
17,0.2190999999999974
17,0.2990999999999957
17,0.35795000000000243
17,0.46290000000000475
17,1.3545000000000016
18,0.11750000000000682
18,0.17445000000000732
18,0.35130000000000905
18,0.46075000000000443
18,0.879800000000003
18,1.2088000000000108
18,1.4447500000000133
19,-0.4594500000000039
19,-0.054000000000002046
19,0.14999999999999147
19,0.283149999999992
19,0.3571500000000043
19,0.4372499999999917
19,0.5097499999999968
19,0.6122000000000014
19,0.6754999999999995
20,-0.4590999999999923
20,0.04085000000000605
20,0.1916000000000082
20,0.28905000000000314
20,0.3276000000000039
20,0.4760000000000133
20,0.6018500000000131
20,0.7236000000000047
21,0.10925000000000296
21,0.17295000000000016
21,0.24554999999999438
21,0.32970000000000255
21,0.5658999999999992
21,0.918849999999992
22,0.11464999999999748
22,0.21420000000000528
22,0.30509999999999593
22,0.40279999999999916
22,0.47265000000000157
22,0.5652499999999918
22,0.696249999999992
22,0.8132999999999981
22,0.9548000000000059
23,-0.03789999999999338
23,0.035750000000007276
23,0.19379999999999598
23,0.2719500000000039
23,0.42900000000000205
23,0.5112000000000023
23,0.5648000000000053
23,0.6416499999999985
23,0.7262500000000074
23,0.8434000000000026
24,0.10869999999999891
24,0.30264999999999986
24,0.386250000000004
24,0.49294999999999334
24,0.6098499999999945
25,-0.43889999999998963
25,0.10949999999999704
25,0.1606000000000023
25,0.2943000000000069
25,0.3647500000000008
25,0.4189500000000095
25,0.5177500000000066
25,0.6204500000000053
26,-0.3396499999999918
26,-0.2848499999999916
26,-0.17950000000000443
26,0.0169000000000068
26,0.12245000000000061
26,0.18935000000000457
26,0.2927999999999997
26,0.3662000000000063
26,0.4763499999999965
26,0.6390999999999991
26,0.9331999999999994
27,-0.44589999999999463
27,-0.16164999999999452
27,-0.11144999999999072
27,-0.04064999999999941
27,-0.02934999999999377
27,-0.01675000000000182
27,-0.004649999999998045
27,0.0053000000000054115
27,0.019149999999996226
27,0.025000000000005684
27,0.032099999999999795
27,0.04565000000000907
27,0.087600000000009
27,0.09265000000000612
27,0.10885000000000389
27,0.24020000000000152
27,0.3412500000000023
27,0.6466500000000082
27,0.84405000000001
28,-0.47664999999999225
28,-0.10764999999999247
28,0.11725000000001273
28,0.14980000000001326
28,0.24670000000001835
28,0.3301500000000175
28,0.41415000000000646
28,0.5382000000000176
28,1.3069500000000147
29,-0.37905000000000655
29,-0.2793000000000063
29,-0.13800000000000523
29,0.04095000000000937
29,0.14144999999999186
29,0.24789999999998713
29,0.41550000000000864
29,0.5147499999999923
29,0.6610499999999888
30,-0.3716000000000008
30,0.19870000000000232
30,0.4655999999999949
30,0.8430000000000177
31,0.2725499999999954
31,0.37420000000000186
31,0.5238500000000101
31,0.7210499999999911
31,0.8724500000000148
31,1.096650000000011
32,-0.0012499999999988631
32,0.12569999999999482
32,0.2087500000000091
32,0.2565500000000043
32,0.2802000000000078
32,0.37325000000001296
32,0.47239999999999327
32,0.5598500000000115
33,-0.40500000000000114
33,-0.3094000000000108
33,-0.14910000000000423
33,-0.08340000000001169
33,-0.021500000000003183
33,-0.002250000000003638
33,0.09504999999998631
33,0.15194999999999936
33,0.19094999999998663
33,0.24424999999999386
33,0.2990000000000066
33,0.35880000000000223
33,0.4208500000000015
33,0.5002499999999941
33,0.658299999999997
33,1.0343499999999892
33,1.448299999999989
34,-0.2591500000000053
34,-0.15074999999998795
34,-0.05724999999998204
34,0.07030000000000314
34,0.1313000000000102
34,0.2283000000000186
34,0.2939000000000078
34,0.4060000000000059
34,0.48885000000001355
34,0.5611000000000104
34,0.9377000000000066
35,-0.43669999999997344
35,-0.36769999999998504
35,-0.26584999999997194
35,-0.21034999999997694
35,-0.14554999999998586
35,-0.06349999999997635
35,-0.01814999999999145
35,0.02770000000001005
35,0.036000000000029786
35,0.041900000000026694
35,0.24975000000003433
35,0.4333000000000311
35,0.5060500000000161
35,0.6478000000000179
35,0.677250000000015
35,0.7974000000000103
35,0.878450000000015
35,0.9863000000000284
35,1.0735500000000116
35,1.102150000000023
35,1.2402000000000157
35,1.3240000000000123
36,-0.35439999999999827
36,-0.24715000000000487
36,-0.15205000000000268
36,-0.07450000000000045
36,0.0835999999999899
36,0.17390000000000327
36,0.2019499999999823
36,0.2901499999999828
36,0.3709999999999809
36,0.4725999999999999
36,0.591700000000003
36,0.6475999999999829
36,0.7776000000000067
36,0.8799999999999955
36,0.907999999999987
37,-0.45829999999997995
37,-0.002649999999988495
37,0.14870000000001937
37,0.26010000000002265
37,0.3237000000000023
37,0.38375000000002046
37,0.4108500000000106
37,0.44225000000000136
37,0.48460000000000036
37,0.5738500000000215
37,0.9650500000000193
37,1.1792000000000087
38,-0.4433999999999969
38,-0.3342000000000098
38,-0.28489999999999327
38,-0.20490000000000919
38,-0.04435000000000855
38,0.10755000000000337
38,0.15680000000000405
38,0.24450000000001637
38,0.36805000000001087
38,0.37930000000000064
38,0.45844999999999914
38,0.5193000000000154
38,0.5746000000000038
38,0.6441000000000088
38,0.8770000000000095
38,1.0173499999999933
38,1.2465500000000134
39,-0.4998999999999967
39,-0.37180000000000746
39,-0.33789999999999054
39,-0.3266500000000008
39,-0.3125
39,-0.29724999999999113
39,-0.2601500000000101
39,-0.19030000000000769
39,0.04769999999999186
39,0.21164999999999168
39,0.25919999999999277
39,0.3733500000000163
39,0.41740000000001487
39,0.4855500000000177
39,0.5202000000000169
39,0.600449999999995
39,0.7178000000000111
39,0.9053000000000111
39,0.9673999999999978
39,1.1187999999999931
40,-0.47800000000000864
40,-0.37624999999999886
40,-0.28495000000000914
40,-0.22169999999999845
40,-0.20345000000000368
40,-0.1871500000000026
40,-0.16740000000001487
40,-0.1510499999999979
40,0.11990000000000123
40,0.22565000000000168
40,0.23929999999998586
40,0.2639000000000067
40,0.2733000000000061
40,0.28155000000000996
40,0.2940499999999986
40,0.2983499999999992
40,0.3059000000000083
40,0.31340000000000146
40,0.31944999999998913
40,0.3247000000000071
40,0.33099999999998886
40,0.3377499999999998
40,0.34934999999998695
40,0.6759999999999877
40,1.1742999999999881
40,1.4499999999999886
41,-0.49979999999999336
41,-0.49055000000001314
41,-0.48519999999999186
41,-0.4796000000000049
41,-0.4745499999999936
41,-0.4682999999999993
41,-0.3917500000000018
41,-0.16114999999999213
41,0.12659999999999627
41,0.21860000000000923
41,0.30664999999999054
41,0.37649999999999295
41,0.48449999999999704
41,0.6549499999999853
41,0.7147999999999968
41,0.7710999999999899
41,0.8784499999999866
41,1.2978999999999985
41,1.4689500000000066
42,-0.44549999999998136
42,-0.3456499999999778
42,-0.2522999999999911
42,-0.09124999999997385
42,-0.022299999999972897
42,0.05405000000001792
42,0.14100000000001955
42,0.24755000000001814
42,0.3393000000000086
42,0.3556000000000097
42,0.36955000000003224
42,0.38725000000002296
42,0.3985500000000286
42,0.4077000000000055
42,0.4164000000000101
42,0.43020000000001346
42,0.44035000000002356
42,0.4504500000000178
42,0.46700000000001296
42,0.4730000000000132
42,0.4944500000000289
42,0.7338000000000306
42,1.1492000000000075
42,1.2204000000000121
42,1.2750000000000057
42,1.3626500000000306
42,1.4168500000000108
43,-0.38254999999998063
43,-0.2867999999999995
43,-0.17814999999998804
43,-0.10254999999997949
43,-0.048900000000003274
43,0.029850000000010368
43,0.15160000000000196
43,0.2116500000000201
43,0.32500000000001705
43,0.4320500000000038
43,0.45150000000001
43,0.5331500000000062
43,0.5631999999999948
43,0.6459499999999991
43,0.7661000000000229
43,0.8641000000000076
43,1.0094500000000153
43,1.1558500000000151
43,1.341149999999999
44,-0.44634999999996694
44,-0.23084999999997535
44,0.11135000000001583
44,0.18590000000003215
44,0.21570000000002665
44,0.23125000000001705
44,0.24690000000001078
44,0.25550000000001205
44,0.2700500000000261
44,0.27940000000000964
44,0.28495000000000914
44,0.291150000000016
44,0.2963500000000181
44,0.3034500000000264
44,0.3137000000000114
44,0.32015000000001237
44,0.32765000000003397
44,0.33250000000001023
44,0.3517500000000098
44,0.5097000000000094
44,0.5841000000000349
44,0.78155000000001
44,1.2432500000000175
44,1.252900000000011
44,1.4147000000000105
45,-0.4379999999999882
45,-0.4322999999999979
45,-0.4213499999999897
45,-0.41235000000000355
45,-0.39879999999999427
45,-0.38684999999998126
45,-0.37684999999999036
45,-0.3706499999999835
45,-0.3651999999999873
45,-0.3599999999999852
45,-0.35405000000000086
45,-0.3472500000000025
45,-0.3341000000000065
45,-0.32329999999998904
45,-0.3135499999999922
45,-0.30459999999999354
45,-0.2989499999999907
45,-0.27719999999999345
45,-0.2623999999999853
45,-0.25174999999998704
45,-0.10884999999998968
45,0.06905000000000427
45,0.17595000000000027
45,0.2210499999999911
45,0.3155000000000143
45,0.5424500000000023
45,0.592550000000017
45,0.667349999999999
45,0.8030500000000131
45,0.8819500000000176
45,1.1948500000000024
46,-0.4697999999999638
46,-0.32254999999997835
46,-0.23784999999998035
46,0.11465000000001169
46,0.19120000000000914
46,0.2192500000000166
46,0.2910500000000127
46,0.30450000000001864
46,0.35480000000001155
46,0.3835000000000264
46,0.4286000000000172
46,0.5070000000000334
46,0.539100000000019
46,0.9334500000000219
46,1.287350000000032
47,-0.23799999999999955
47,-0.16074999999997885
47,-0.13954999999998563
47,-0.09174999999999045
47,-0.07989999999998076
47,-0.06999999999999318
47,-0.050600000000002865
47,-0.03725000000000023
47,0.14305000000001655
47,0.1789500000000146
47,0.23150000000001114
47,0.3115500000000111
47,0.3518500000000131
47,0.4372500000000059
47,0.5642500000000155
47,0.6583500000000129
47,0.7556500000000028
47,0.7775500000000193
47,0.9497499999999945
47,1.2940000000000111
48,-0.05554999999998245
48,0.12270000000000891
48,0.14875000000000682
48,0.22820000000001528
48,0.2396500000000117
48,0.2600000000000193
48,0.26865000000000805
48,0.28195000000002324
48,0.29195000000001414
48,0.3033500000000231
48,0.31500000000002615
48,0.32080000000001974
48,0.3307500000000232
48,0.3438500000000033
48,0.3500500000000102
48,0.36665000000002124
48,0.37605000000002065
48,0.41950000000002774
48,0.43745000000001255
48,0.44325000000000614
48,0.7052000000000191
48,0.8888000000000034
49,-0.3982499999999902
49,-0.30254999999999654
49,-0.24529999999998608
49,-0.1758000000000095
49,-0.08105000000000473
49,0.05865000000000009
49,0.20955000000000723
49,0.23734999999999218
49,0.2886000000000024
49,0.39254999999999995
49,0.45734999999999104
49,0.523050000000012
49,0.6136500000000069
49,0.6338000000000079
49,0.7437500000000057
49,0.8937500000000114
49,0.9718500000000176
50,-0.425549999999987
50,-0.1428499999999815
50,-0.07564999999996758
50,-0.05099999999998772
50,0.057950000000005275
50,0.08990000000002851
50,0.15485000000001037
50,0.20680000000001542
50,0.26335000000003106
50,0.3186500000000194
50,0.34505000000001473
50,0.4125500000000102
50,0.43615000000002624
50,0.46400000000002706
50,0.47680000000002565
50,0.4903500000000065
50,1.3309500000000298
51,-0.3252499999999827
51,-0.22594999999998322
51,-0.20904999999999063
51,-0.17824999999999136
51,-0.14334999999996967
51,-0.1224499999999864
51,-0.10604999999998199
51,-0.09379999999998745
51,-0.08549999999996771
51,-0.07649999999998158
51,-0.06674999999998477
51,-0.057849999999973534
51,-0.05119999999996594
51,-0.039549999999991314
51,-0.03289999999998372
51,-0.023299999999977672
51,-0.014899999999983038
51,-0.0017999999999744887
51,0.018150000000019872
51,0.0262000000000171
51,0.09050000000002001
51,0.2271000000000356
51,0.3306000000000324
51,0.39800000000002456
51,0.4239000000000317
51,0.43455000000002997
51,0.4418500000000165
51,0.4644000000000119
51,0.47015000000001805
51,0.4787500000000193
51,0.4866500000000258
51,0.6248500000000092
51,0.7006500000000244
51,0.8038500000000113
51,1.037600000000026
51,1.4715000000000202
52,-0.4047999999999945
52,-0.205600000000004
52,-0.0730000000000075
52,0.035799999999994725
52,0.06479999999999109
52,0.08125000000001137
52,0.09370000000001255
52,0.1220000000000141
52,0.1828999999999894
52,0.18874999999999886
52,0.20144999999999413
52,0.21590000000000487
52,0.22120000000001028
52,0.22710000000000719
52,0.23554999999998927
52,0.24690000000001078
52,0.2597499999999968
52,0.2746999999999957
52,0.28274999999999295
52,0.29974999999998886
52,0.30469999999999686
52,0.3094499999999982
52,0.32894999999999186
52,0.43309999999999604
52,0.4399500000000103
52,0.5900000000000034
53,-0.45009999999999195
53,-0.42005000000000337
53,-0.37975000000000136
53,-0.3616999999999848
53,-0.3503999999999792
53,-0.3427999999999827
53,-0.3298499999999933
53,-0.32434999999998126
53,-0.3199999999999932
53,-0.31009999999997717
53,-0.303449999999998
53,-0.2854499999999973
53,-0.2790499999999838
53,-0.27309999999999945
53,-0.2614499999999964
53,-0.247950000000003
53,-0.23339999999998895
53,-0.2130499999999813
53,-0.17754999999999654
53,-0.02039999999999509
53,0.2715000000000032
53,0.3003500000000088
53,0.31110000000001037
53,0.3178500000000213
53,0.3254500000000178
53,0.4750500000000102
53,0.5484500000000025
53,0.7087500000000091
54,0.02600000000001046
54,0.06399999999999295
54,0.07005000000000905
54,0.14050000000000296
54,0.25055000000000405
54,0.31424999999998704
54,0.3914000000000044
54,0.45744999999999436
54,0.5427499999999839
54,0.6522500000000093
54,0.7538999999999874
54,0.9296500000000094
54,1.16995
54,1.4083499999999844
55,0.029950000000013688
55,0.09600000000000364
55,0.14610000000001833
55,0.19440000000000168
55,0.19995000000000118
55,0.2831000000000188
55,0.3103499999999997
55,0.35470000000000823
55,0.39895000000001346
55,0.4290500000000179
55,0.5136000000000251
55,0.6180000000000234
55,0.754400000000004
55,0.9297500000000127
55,1.0184500000000014
56,-0.33439999999998804
56,-0.11024999999997931
56,0.12965000000002647
56,0.1642500000000382
56,0.22950000000003
56,0.2623000000000104
56,0.2928500000000156
56,0.37170000000003256
56,0.4423500000000331
56,0.48920000000001096
56,0.6650000000000205
56,1.0485500000000343
56,1.1245500000000277
56,1.217550000000017
56,1.4708000000000254
57,-0.48364999999998304
57,0.02200000000001978
57,0.11684999999999945
57,0.19249999999999545
57,0.22100000000000364
57,0.2563000000000102
57,0.3049000000000035
57,0.3629500000000121
57,0.37505000000001587
57,0.38280000000000314
57,0.39674999999999727
57,0.40989999999999327
57,0.422300000000007
57,0.5061500000000194
57,0.6188999999999965
57,0.7525500000000136
57,0.9305999999999983
58,-0.04159999999998831
58,0.05960000000001742
58,0.12320000000002551
58,0.14005000000003065
58,0.18915000000001214
58,0.20230000000000814
58,0.2432500000000175
58,0.2522000000000162
58,0.2676000000000158
58,0.2831000000000188
58,0.29750000000001364
58,0.30280000000001905
58,0.30835000000001855
58,0.31970000000001164
58,0.32440000000002556
58,0.33130000000002724
58,0.43760000000003174
58,0.4601000000000113
58,0.5430000000000064
58,0.7040000000000077
58,0.8032000000000323
58,1.1554500000000303
58,1.3071000000000197
58,1.3977500000000305
58,1.4139000000000124
58,1.499050000000011
59,-0.25099999999997635
59,-0.08894999999998277
59,-0.023099999999971033
59,0.09805000000002906
59,0.13895000000002256
59,0.15755000000001473
59,0.17530000000002133
59,0.19365000000001942
59,0.20060000000003697
59,0.21125000000003524
59,0.2186500000000251
59,0.2253000000000327
59,0.23650000000003502
59,0.3716500000000167
59,0.41250000000002274
59,0.4304000000000201
59,0.5238000000000227
59,0.6466500000000224
59,0.7644500000000107
59,1.0191500000000246
60,-0.4989999999999952
60,-0.2819499999999948
60,-0.13369999999997617
60,0.11280000000002133
60,0.19480000000001496
60,0.25515000000001464
60,0.27915000000001555
60,0.3089000000000226
60,0.31825000000000614
60,0.3410000000000082
60,0.34940000000003124
60,0.36660000000000537
60,0.3759000000000299
60,0.38185000000001423
60,0.39740000000000464
60,0.40415000000001555
60,0.5025000000000261
60,0.5556000000000267
60,0.6837500000000318
60,0.7509000000000299
60,0.922300000000007
61,-0.3736499999999978
61,-0.2796999999999912
61,-0.16790000000000305
61,0.07480000000001041
61,0.19405000000000427
61,0.20885000000001241
61,0.2809000000000026
61,0.3320500000000095
61,0.3534000000000219
61,0.3720000000000141
61,0.3796000000000106
61,0.3916499999999985
61,0.39910000000000423
61,0.40739999999999554
61,0.41450000000000387
61,0.4219500000000096
61,0.4412499999999966
61,0.45820000000000505
61,0.4685500000000218
61,0.49160000000000537
61,0.5390500000000031
61,0.5595500000000015
61,0.6614000000000146
62,-0.37880000000001246
62,-0.04200000000000159
62,0.0852999999999895
62,0.15440000000000964
62,0.20204999999998563
62,0.25634999999999764
62,0.2807500000000118
62,0.28770000000000095
62,0.29759999999998854
62,0.3091000000000008
62,0.32194999999998686
62,0.3298499999999933
62,0.34440000000000737
62,0.35880000000000223
62,0.3696999999999946
62,0.39134999999998854
62,0.6276499999999885
62,0.7642999999999915
62,1.2356499999999926
63,-0.43619999999998527
63,-0.4070499999999697
63,-0.3532499999999743
63,-0.33784999999997467
63,-0.29514999999997826
63,-0.20969999999996958
63,-0.13009999999997035
63,0.04120000000003188
63,0.12835000000001173
63,0.27805000000000746
63,0.32200000000003115
63,0.3391000000000304
63,0.3976000000000113
63,0.4111000000000331
63,0.421100000000024
63,0.4354500000000314
63,0.44555000000002565
63,0.45940000000001646
63,0.6204000000000178
63,0.7787000000000148
63,1.1751000000000147
64,-0.4207499999999982
64,-0.3788499999999999
64,-0.2751999999999839
64,0.09839999999999804
64,0.1508500000000197
64,0.1913499999999999
64,0.3349499999999921
64,0.36600000000001387
64,0.4386000000000081
64,0.4712499999999977
64,0.5317500000000166
64,0.6860499999999945
64,0.8247499999999945
64,0.8882499999999993
64,0.9891499999999951
64,1.1739000000000033
65,-0.37989999999999213
65,-0.3594499999999812
65,-0.33799999999999386
65,-0.2261999999999773
65,-0.18864999999999554
65,-0.15919999999999845
65,-0.017200000000002547
65,0.07179999999999609
65,0.09194999999999709
65,0.11225000000001728
65,0.1416499999999985
65,0.2321500000000185
65,0.2769000000000119
65,0.37239999999999895
65,0.41814999999999714
65,0.5185500000000047
65,0.6048000000000116
65,0.7374499999999955
65,0.961100000000016
65,1.4317500000000223
66,0.11945000000002892
66,0.15969999999998663
66,0.20130000000000337
66,0.23604999999997744
66,0.28804999999999836
66,0.36660000000000537
66,0.45744999999999436
66,0.5316500000000133
66,0.6589000000000169
66,0.7402000000000157
66,0.902499999999975
66,1.302849999999978
66,1.4119000000000028
67,-0.45785000000000764
67,-0.31759999999997035
67,0.16500000000002046
67,0.2068500000000313
67,0.217550000000017
67,0.25319999999999254
67,0.34960000000000946
67,0.3917500000000018
67,0.4560000000000173
67,0.48570000000000846
67,0.5278500000000008
67,0.7753000000000156
67,0.8995500000000334
67,1.003750000000025
67,1.0897500000000377
67,1.310350000000028
68,-0.48339999999996053
68,-0.2878999999999792
68,-0.02555000000000973
68,0.026499999999998636
68,0.09759999999999991
68,0.1401000000000181
68,0.18600000000003547
68,0.25985000000002856
68,0.2968500000000063
68,0.3125500000000443
68,0.32320000000004256
68,0.3728500000000281
68,0.4688000000000443
68,0.4899000000000342
68,0.653850000000034
68,0.7565999999999917
69,-0.459199999999953
69,-0.277499999999975
69,-0.16774999999995543
69,-0.15284999999994398
69,-0.09074999999995725
69,-0.0006999999999379725
69,0.05740000000002965
69,0.0957000000000221
69,0.11060000000003356
69,0.1251500000000192
69,0.14270000000004757
69,0.1549500000000421
69,0.16830000000004475
69,0.17975000000001273
69,0.1915000000000191
69,0.21895000000006348
69,0.24760000000003402
69,0.45900000000006
69,0.7959500000000617
70,-0.4590999999999781
70,-0.33414999999996553
70,-0.19799999999997908
70,-0.14654999999999063
70,-0.026199999999960255
70,0.07695000000001073
70,0.12460000000004356
70,0.1664500000000544
70,0.18385000000000673
70,0.2551000000000272
70,0.2715000000000032
70,0.3324500000000512
70,0.40030000000001564
70,0.44880000000000564
70,0.483600000000024
70,0.5827500000000327
70,0.7120000000000459
70,0.947400000000016
70,0.9904000000000224
70,1.2153500000000577
70,1.431100000000015
71,0.028250000000014097
71,0.11050000000000182
71,0.1625500000000102
71,0.2330000000000041
71,0.24689999999998236
71,0.25644999999997253
71,0.2780999999999949
71,0.2929499999999621
71,0.43849999999997635
71,0.471149999999966
71,0.49919999999997344
71,0.5176500000000033
71,0.6046999999999798
71,0.6474999999999795
71,0.7639499999999657
71,0.8888999999999783
71,0.9516999999999598
71,1.1880499999999756
72,-0.47950000000003
72,-0.395150000000001
72,-0.29560000000003583
72,0.035799999999994725
72,0.06739999999996371
72,0.08150000000000546
72,0.09559999999999036
72,0.113900000000001
72,0.20605000000000473
72,0.2401999999999589
72,0.2915999999999599
72,0.3147999999999911
72,0.4088499999999726
72,0.449450000000013
72,0.5087499999999636
72,0.5480999999999767
72,0.7690999999999804
72,1.1524
73,-0.10214999999999463
73,-0.03884999999996808
73,0.02470000000005257
73,0.03750000000002274
73,0.049400000000048294
73,0.08105000000000473
73,0.11560000000002901
73,0.17470000000002983
73,0.2583500000000072
73,0.30380000000002383
73,0.3376500000000533
73,0.37750000000005457
73,0.3966500000000224
73,0.44625000000002046
73,0.4954500000000053
73,0.802250000000015
73,1.489500000000021
74,-0.4478499999999599
74,-0.352299999999957
74,-0.3303999999999405
74,-0.27564999999998463
74,-0.2697499999999877
74,-0.25439999999997553
74,-0.23944999999997663
74,-0.23149999999998272
74,-0.21849999999994907
74,-0.20099999999996498
74,-0.19364999999993415
74,-0.17474999999996044
74,-0.16664999999994734
74,-0.15974999999997408
74,-0.14259999999995898
74,-0.13489999999995916
74,-0.11724999999995589
74,-0.09624999999994088
74,-0.08184999999997444
74,-0.072749999999985
74,-0.06084999999995944
74,-0.05124999999998181
74,-0.04539999999997235
74,-0.04079999999999018
74,-0.03279999999995198
74,0.043550000000038835
74,0.21750000000002956
74,0.39825000000001864
74,0.5101500000000101
74,0.5868000000000393
74,0.673150000000021
74,0.6843500000000518
74,0.7014500000000226
74,1.035000000000025
75,-0.238049999999987
75,-0.13949999999999818
75,0.06720000000001392
75,0.16100000000000136
75,0.19350000000002865
75,0.227800000000002
75,0.24365000000000236
75,0.25364999999999327
75,0.2669999999999959
75,0.27395000000001346
75,0.2857999999999947
75,0.2922500000000241
75,0.29810000000003356
75,0.3165000000000191
75,0.4945500000000038
75,0.5862500000000068
75,0.7900500000000079
75,1.4694000000000074
76,-0.3937999999999988
76,0.09600000000000364
76,0.1501999999999839
76,0.20170000000001664
76,0.21710000000001628
76,0.2928999999999746
76,0.30459999999999354
76,0.37444999999996753
76,0.43739999999996826
76,0.48340000000001737
76,0.5215999999999781
76,0.716700000000003
76,0.9745499999999652
76,1.2778500000000008
77,-0.22319999999996298
77,0.010550000000023374
77,0.1058500000000322
77,0.1298500000000331
77,0.1914000000000442
77,0.24780000000004065
77,0.26470000000006166
77,0.3025500000000534
77,0.3105000000000473
77,0.3189000000000419
77,0.33130000000005566
77,0.3451500000000465
77,0.35565000000002556
77,0.36070000000000846
77,0.3791500000000383
77,0.3873500000000263
77,0.4551000000000158
77,0.4717000000000553
77,0.5631000000000199
77,0.6901500000000169
77,0.7555000000000405
78,-0.12135000000000673
78,-0.035900000000026466
78,0.04989999999997963
78,0.102800000000002
78,0.166499999999985
78,0.22944999999998572
78,0.27649999999999864
78,0.30220000000002756
78,0.32389999999998054
78,0.6145000000000209
78,0.8025000000000091
78,1.1224000000000274
78,1.4607500000000186
79,-0.1582499999999527
79,-0.027699999999981628
79,0.05180000000001428
79,0.11000000000001364
79,0.18990000000002283
79,0.2793500000000222
79,0.3962500000000091
79,0.44500000000005
79,0.4863500000000158
79,0.6231000000000222
79,0.7474500000000148
79,0.8552000000000248
79,1.102800000000002
80,-0.43684999999999263
80,-0.32159999999998945
80,-0.19619999999997617
80,-0.07229999999998427
80,0.02030000000002019
80,0.1006500000000301
80,0.1914000000000442
80,0.26615000000003874
80,0.37570000000005166
80,0.39840000000003783
80,0.5334000000000287
80,0.6017500000000382
80,0.6693500000000085
80,0.746400000000051
80,1.0554500000000075
81,-0.27174999999999727
81,0.12135000000000673
81,0.17439999999999145
81,0.28994999999997617
81,0.35520000000002483
81,0.424350000000004
81,0.48894999999998845
81,0.5575000000000045
81,0.6360500000000116
81,0.8471000000000117
81,0.9510999999999967
81,1.1084000000000174
82,-0.3448500000000081
82,-0.213450000000023
82,-0.11284999999998035
82,-0.07400000000001228
82,0.09224999999997863
82,0.17414999999999736
82,0.23734999999999218
82,0.2576000000000249
82,0.26524999999998045
82,0.2787000000000148
82,0.3996000000000208
82,0.44870000000003074
82,0.4707000000000221
82,0.6186999999999898
82,0.6616999999999962
82,1.4612000000000194
83,0.15269999999998163
83,0.2053500000000099
83,0.2862999999999829
83,0.3170499999999947
83,0.3736499999999978
83,0.397199999999998
83,0.46955000000002656
83,0.5423999999999864
83,0.6260500000000206
83,0.6736500000000092
83,0.7518999999999778
83,0.8212500000000205
83,0.8683500000000208
83,0.939549999999997
83,1.3625499999999988
84,-0.43244999999996026
84,-0.296799999999962
84,-0.0028499999999667125
84,0.1433499999999981
84,0.18735000000003765
84,0.22500000000002274
84,0.3611500000000092
84,0.4086000000000354
84,0.46305000000000973
84,0.5011499999999955
84,0.5932999999999993
84,0.7934500000000071
84,0.921449999999993
85,-0.4427499999999327
85,-0.0898499999999558
85,0.020250000000032742
85,0.04200000000003001
85,0.05270000000007258
85,0.1520500000000311
85,0.3272500000000491
85,0.35990000000003874
85,0.37775000000004866
85,0.3919500000000653
85,0.4065500000000384
85,0.41705000000001746
85,0.4360500000000229
85,0.4435500000000161
85,0.449100000000044
85,0.8047500000000696
85,0.827350000000024
85,1.1147000000000276
86,-0.002999999999985903
86,0.02944999999999709
86,0.05095000000000027
86,0.06725000000000136
86,0.08395000000001573
86,0.09375
86,0.13140000000004193
86,0.15170000000000528
86,0.15660000000002583
86,0.16595000000000937
86,0.18845000000004575
86,0.2004000000000019
86,0.22214999999999918
86,0.23285000000004175
86,0.2400000000000091
86,0.24505000000004884
86,0.25670000000002346
86,0.26215000000001965
86,0.26975000000004457
86,0.2764500000000112
86,0.2831000000000472
86,0.2943000000000211
86,0.3037500000000364
86,0.320350000000019
86,0.3334000000000401
86,0.5151000000000181
86,0.6234000000000037
86,0.811300000000017
86,0.9365000000000236
86,1.0237500000000068
86,1.1607000000000198
86,1.282350000000008
86,1.3696000000000481
87,0.1148499999999899
87,0.1675000000000182
87,0.19794999999999163
87,0.26650000000000773
87,0.3255500000000211
87,0.37734999999997854
87,0.4172500000000241
87,0.4374000000000251
87,0.5053000000000338
87,0.6143500000000017
87,0.7047000000000025
87,0.9003500000000031
87,1.0661499999999933
87,1.447999999999979
88,-0.28829999999999245
88,-0.08834999999999127
88,-0.01814999999999145
88,0.08435000000002901
88,0.16675000000003593
88,0.20150000000001
88,0.25679999999999836
88,0.31030000000004065
88,0.3675000000000068
88,0.393600000000049
88,0.48225000000002183
88,0.5873000000000275
88,0.6362000000000307
88,0.78125
88,0.9354000000000156
88,1.0947500000000332
88,1.394800000000032
89,-0.07344999999997981
89,0.032350000000008095
89,0.12175000000002001
89,0.17270000000002028
89,0.20900000000000318
89,0.33550000000002456
89,0.3610500000000343
89,0.444150000000036
89,0.5206000000000017
89,0.7029500000000439
89,1.4827000000000226
90,-0.249149999999986
90,-0.04964999999998554
90,0.0221000000000231
90,0.12675000000001546
90,0.1897000000000162
90,0.24875000000002956
90,0.2704500000000394
90,0.29850000000004684
90,0.3361000000000445
90,0.3957500000000209
90,0.5123000000000388
90,0.5277500000000259
90,0.607400000000041
90,0.8246500000000196
91,-0.3796499999999696
91,-0.30939999999998236
91,-0.20009999999996353
91,-0.0967499999999859
91,0.004750000000058208
91,0.08545000000003711
91,0.14350000000001728
91,0.2259000000000242
91,0.5099500000000603
91,0.6148000000000593
91,0.7415500000000179
91,1.2899000000000456
91,1.3696000000000481
91,1.4864500000000476
92,-0.4818000000000211
92,-0.4092499999999859
92,-0.39449999999999363
92,-0.19069999999999254
92,-0.03879999999998063
92,0.11225000000001728
92,0.19290000000000873
92,0.2883499999999799
92,0.34780000000000655
92,0.47649999999998727
92,0.6096999999999753
92,0.7028999999999996
92,0.8214499999999703
92,1.394200000000012
93,-0.3855000000000359
93,-0.22145000000000437
93,0.10199999999997544
93,0.1735999999999649
93,0.21879999999998745
93,0.3632999999999811
93,0.4433999999999969
93,0.5650499999999852
93,0.6272000000000162
93,0.6836999999999875
93,0.7291500000000042
93,0.7848999999999933
93,0.9391499999999837
94,-0.049999999999954525
94,0.047400000000038744
94,0.0895500000000311
94,0.17495000000002392
94,0.21095000000002528
94,0.30925000000002
94,0.37180000000000746
94,0.404700000000048
94,0.4182500000000573
94,0.42665000000005193
94,0.4657500000000141
94,0.5944000000000074
94,0.6358000000000175
94,0.7316500000000588
94,0.8106000000000222
94,0.9779000000000337
94,1.2372000000000298
94,1.415550000000053
95,0.13595000000003665
95,0.2937500000000455
95,0.35770000000002256
95,0.46465000000006285
95,0.5545000000000186
95,0.719250000000045
95,0.8310000000000173
95,1.0770500000000425
95,1.3636000000000195
96,-0.47724999999996953
96,-0.37319999999994025
96,0.007850000000019008
96,0.06850000000002865
96,0.12205000000005839
96,0.23225000000002183
96,0.2877000000000294
96,0.3346500000000674
96,0.35580000000004475
96,0.36800000000005184
96,0.3776500000000169
96,0.4077000000000339
96,0.4655500000000643
96,0.7066000000000372
96,0.896000000000015
96,1.0492000000000417
96,1.2129000000000474
96,1.3869500000000698
97,-0.26389999999997826
97,-0.1511499999999728
97,0.16760000000004993
97,0.2935000000000514
97,0.564200000000028
97,0.8123000000000502
97,0.9102000000000317
97,1.0905500000000075
98,-0.47775000000001455
98,-0.17599999999998772
98,-0.1641999999999939
98,-0.06034999999997126
98,0.010100000000022646
98,0.17799999999999727
98,0.20510000000001583
98,0.2936000000000263
98,0.39274999999997817
98,0.41849999999999454
98,0.4863000000000284
98,0.5448999999999842
98,0.7132500000000164
98,1.119950000000017
99,0.13360000000000127
99,0.16784999999998718
99,0.30150000000003274
99,0.3724000000000274
99,0.4606499999999869
99,0.5393500000000131
99,0.5901000000000067
99,0.8042500000000246
99,0.8962500000000091
99,1.1371000000000322
99,1.3427500000000236
100,0.07355000000001155
100,0.14055000000001883
100,0.19925000000000637
100,0.2724499999999921
100,0.3441500000000133
100,0.3839500000000271
100,0.4941000000000031
100,0.5756000000000085
100,0.6901000000000295
100,0.8371999999999957
100,1.092800000000011
100,1.308150000000012
100,1.3988499999999817
101,-0.004349999999988086
101,0.1312000000000353
101,0.243850000000009
101,0.33404999999999063
101,0.395150000000001
101,0.45460000000002765
101,0.5237000000000194
101,0.7664500000000203
101,1.327449999999999
102,-0.4037500000000023
102,-0.07329999999996062
102,-0.06340000000000146
102,0.08994999999998754
102,0.1554500000000303
102,0.26900000000000546
102,0.3523500000000013
102,0.4053000000000111
102,0.46500000000003183
102,0.651299999999992
103,-0.2665499999999952
103,0.14365000000003647
103,0.22325000000000728
103,0.32740000000001146
103,0.41550000000000864
103,0.4812000000000012
103,0.5905999999999949
104,-0.4544999999999959
104,-0.36615000000000464
104,-0.3040499999999611
104,-0.1539500000000089
104,-0.034199999999998454
104,0.04425000000003365
104,0.11155000000002246
104,0.14910000000003265
104,0.21595000000002074
104,0.2961999999999989
104,0.3394000000000119
104,0.4479000000000042
104,0.5275000000000318
104,0.5708999999999946
104,0.6727500000000077
104,0.8949000000000069
104,1.0533000000000357
105,-0.49274999999994407
105,-0.3307999999999538
105,-0.22324999999995043
105,-0.07424999999994952
105,0.011150000000043292
105,0.11805000000003929
105,0.17395000000004757
105,0.2256500000000301
105,0.3112000000000421
105,0.46220000000005257
106,-0.1158500000000231
106,-0.01125000000001819
106,0.0005499999999756255
106,0.1087999999999738
106,0.13765000000000782
106,0.18605000000002292
106,0.22939999999999827
106,0.30245000000002165
106,0.33049999999997226
106,0.4146999999999821
106,0.5360999999999763
106,0.6621499999999969
106,0.7614500000000248
106,0.9454499999999939
106,1.4234500000000025
107,-0.2589999999999577
107,0.15330000000000155
107,0.21955000000002656
107,0.2646000000000299
107,0.35370000000000346
107,0.45615000000003647
107,0.5433500000000322
107,0.6113500000000158
107,0.6702999999999975
107,0.8103000000000407
107,0.9302500000000009
107,1.197050000000047
107,1.3605000000000018
108,-0.3109499999999912
108,0.0625
108,0.13260000000002492
108,0.24025000000000318
108,0.27154999999999063
108,0.33660000000003265
108,0.37000000000000455
108,0.39179999999998927
108,0.5842000000000098
108,0.7244000000000028
108,0.8547500000000241
108,1.0237500000000068
108,1.224550000000022
109,-0.24074999999999136
109,0.12574999999998226
109,0.22149999999999181
109,0.34609999999997854
109,0.45445000000000846
109,0.8559000000000196
109,1.053200000000004
110,-0.1544499999999971
110,0.21525000000002592
110,0.29475000000002183
110,0.36650000000003047
110,0.44990000000001373
110,0.5265499999999861
110,0.6230499999999779
110,0.6762499999999818
111,-0.4673999999999978
111,-0.31875000000002274
111,-0.2116500000000201
111,0.08654999999998836
111,0.15999999999996817
111,0.18484999999998308
111,0.26814999999999145
111,0.2880000000000109
111,0.3237500000000182
111,0.41424999999998136
111,0.478650000000016
111,1.2479999999999905
111,1.3581499999999664
111,1.44765000000001
112,-0.38359999999994443
112,-0.17509999999998627
112,0.07400000000001228
112,0.2880000000000109
112,0.31510000000002947
112,0.3983000000000061
112,0.477800000000002
112,0.586400000000026
112,0.6374500000000012
112,0.7519000000000347
112,0.8878500000000145
112,1.0996500000000538
112,1.3252500000000396
113,0.203550000000007
113,0.3079000000000178
113,0.415800000000047
113,0.48005000000000564
113,0.5402500000000146
114,0.14589999999998327
114,0.23160000000001446
114,0.35924999999997453
114,0.48730000000000473
114,0.5493999999999915
114,0.6490000000000009
114,0.7243500000000154
114,0.8460999999999785
114,0.9519999999999982
114,1.155300000000011
115,-0.35244999999997617
115,-0.200649999999996
115,-0.1257999999999697
115,-0.07679999999999154
115,0.07560000000000855
115,0.15475000000003547
115,0.33440000000001646
115,0.49900000000002365
115,0.6545500000000288
115,0.8063000000000216
115,1.1046499999999924
115,1.288499999999999
115,1.427000000000021
116,-0.37634999999994534
116,-0.21649999999993952
116,-0.020449999999982538
116,0.13025000000004638
116,0.2173500000000672
116,0.25780000000003156
116,0.313000000000045
116,0.4252500000000623
116,0.4959500000000503
116,0.5441000000000145
116,0.5819000000000187
116,0.6297000000000139
116,0.7060000000000173
116,0.8424500000000421
116,1.0618500000000495
116,1.2065000000000623
117,-0.27994999999998527
117,-0.18049999999993815
117,0.004100000000050841
117,0.08380000000005339
117,0.12660000000005311
117,0.1539500000000089
117,0.19530000000003156
117,0.24815000000000964
117,0.280050000000017
117,0.3093000000000643
117,0.38885000000004766
117,0.45035000000001446
117,0.5830000000000268
117,0.7600500000000352
117,0.918700000000058
117,1.239500000000021
117,1.4374500000000126
118,-0.49774999999999636
118,-0.4451999999999998
118,-0.393449999999973
118,-0.3170499999999947
118,-0.3030499999999847
118,-0.2871499999999969
118,-0.26814999999999145
118,-0.17054999999999154
118,-0.07089999999999463
118,0.09550000000001546
118,0.13954999999998563
118,0.217550000000017
118,0.2622000000000071
118,0.3568000000000211
118,0.4238500000000158
118,0.4551500000000033
118,0.49310000000002674
118,0.5183499999999981
118,0.7065000000000055
118,0.8169500000000198
118,1.1464500000000157
118,1.2737000000000194
119,-0.35180000000002565
119,-0.14055000000001883
119,0.010150000000010095
119,0.09429999999997563
119,0.16669999999999163
119,0.252900000000011
119,0.27240000000000464
119,0.3390499999999861
119,0.39424999999999955
119,0.45949999999999136
119,0.5018999999999778
119,0.566599999999994
119,0.6002500000000168
119,0.7930999999999813
120,-0.453899999999976
120,-0.4053499999999417
120,-0.14034999999995534
120,0.014750000000049113
120,0.04565000000002328
120,0.11000000000007049
120,0.17640000000005784
120,0.24685000000005175
120,0.2976000000000454
120,0.3694500000000289
120,0.4113500000000272
120,0.4609500000000253
120,0.4798000000000684
120,0.5471500000000447
120,0.5880500000000666
120,0.6237500000000296
120,0.7790000000000532
120,0.9216500000000565
120,1.1417000000000712
121,0.1339500000000271
121,0.15275000000002592
121,0.20395000000007713
121,0.26220000000006394
121,0.30740000000002965
121,0.37160000000005766
121,0.4268000000000711
121,0.4930500000000393
121,0.5296500000000606
121,0.8045500000000629
121,1.0833500000000527
122,-0.40494999999998527
122,-0.21824999999995498
122,-0.1783999999999537
122,-0.12564999999995052
122,-0.05109999999996262
122,0.0009500000000457476
122,0.020200000000045293
122,0.07635000000004766
122,0.19795000000004848
122,0.22825000000005957
122,0.23920000000003938
122,0.4016000000000304
122,0.5448000000000661
122,0.6237500000000296
122,0.7656000000000631
122,0.8687500000000341
122,1.035250000000019
123,-0.4314499999999839
123,-0.22204999999996744
123,-0.1139999999999759
123,-0.00329999999996744
123,0.12260000000003402
123,0.18080000000003338
123,0.26615000000003874
123,0.2752500000000282
123,0.28480000000001837
123,0.29895000000004757
123,0.3071000000000481
123,0.3358500000000504
123,0.4054500000000303
123,0.6778000000000475
123,0.77800000000002
123,1.0406500000000278
123,1.2049500000000535
123,1.4375500000000443
124,-0.4307499999999891
124,-0.29359999999996944
124,-0.11899999999997135
124,0.19940000000002556
124,0.253750000000025
124,0.5098500000000286
124,0.6215000000000259
124,0.7039500000000203
124,0.7970000000000255
124,0.9462500000000205
124,1.018199999999979
125,-0.3698500000000422
125,-0.32494999999994434
125,-0.02400000000000091
125,0.1440499999999929
125,0.21985000000006494
125,0.31225000000006276
125,0.46595000000002074
125,0.5609000000000606
125,0.6223999999999705
125,0.6764500000000453
125,0.8493499999999585
125,0.8722999999999956
125,0.9894500000000335
125,1.1702999999999975
126,-0.3079500000000053
126,-0.017949999999927968
126,0.033999999999991815
126,0.10535000000004402
126,0.1362500000000182
126,0.22290000000009513
126,0.27350000000001273
126,0.3419499999999971
126,0.35340000000007876
126,0.4391000000000531
126,0.5541000000000622
126,0.634200000000078
126,0.7103500000000622
126,0.7898000000000138
126,0.984450000000038
127,0.07275000000004184
127,0.11790000000007694
127,0.21085000000005039
127,0.24230000000000018
127,0.3216500000000906
127,0.4814000000000078
127,0.6779500000000098
127,0.8866500000000315
128,0.11355000000003201
128,0.1346000000000913
128,0.21290000000010423
128,0.4264500000000453
128,0.4753000000000611
128,0.539000000000101
128,0.8292500000001155
129,-0.41494999999997617
129,-0.14850000000001273
129,0.008699999999976171
129,0.0795500000000402
129,0.09590000000002874
129,0.17345000000000255
129,0.21860000000003765
129,0.27690000000006876
129,0.31074999999998454
129,0.4050000000000864
129,0.5330500000000029
129,0.8509999999999991
129,1.2542000000000826
130,-0.4408499999999549
130,-0.3799499999998943
130,-0.2300999999999931
130,-0.17154999999991105
130,0.0029000000000678483
130,0.040150000000039654
130,0.10315000000002783
130,0.1532000000000835
130,0.20230000000003656
130,0.22355000000004566
130,0.29455000000007203
130,0.310950000000048
130,0.40660000000002583
130,0.5904000000000451
130,0.7608000000000175
130,1.4256500000000187
131,-0.2750499999999647
131,0.0655500000000302
131,0.12170000000003256
131,0.13274999999998727
131,0.16250000000002274
131,0.31389999999998963
131,0.3409000000000333
131,0.36369999999999436
131,0.3885999999999967
131,0.4050999999999476
131,0.5571499999999787
131,0.6136999999999944
131,0.6563999999999623
131,0.7895499999999629
131,0.9928999999999633
132,-0.06514999999990323
132,0.171100000000024
132,0.22000000000002728
132,0.32770000000004984
132,0.4173000000000684
132,0.4725500000000693
132,0.5230000000000246
132,0.5672500000000582
132,0.8369500000000016
132,1.0293500000000222
133,-0.3672000000000253
133,-0.1127999999999929
133,-0.027849999999943975
133,0.040849999999977626
133,0.08645000000001346
133,0.15560000000004948
133,0.19439999999997326
133,0.2757000000000289
133,0.4823499999999967
133,0.6388000000000602
134,-0.2337999999999738
134,-0.085550000000012
134,-0.0006000000000767614
134,0.08005000000002838
134,0.21669999999994616
134,0.3222999999999274
134,0.3418500000000222
134,0.3496499999999969
134,0.36400000000003274
134,0.3729999999999336
134,0.710550000000012
134,0.8467499999999291
134,1.359199999999987
135,0.10040000000003602
135,0.17719999999997071
135,0.20785000000000764
135,0.27395000000001346
135,0.3333499999999958
135,0.42314999999996417
135,0.48889999999994416
135,0.5270000000000437
135,0.5859500000000253
135,0.9179000000000315
135,1.221400000000017
136,-0.47524999999996
136,-0.35874999999998636
136,0.041900000000055115
136,0.05110000000001946
136,0.1322499999999991
136,0.20355000000006385
136,0.25995000000000346
136,0.3926999999999907
136,0.4768500000000131
136,0.5439000000000078
136,0.5754000000000588
136,0.6373000000000957
136,0.9989000000000487
137,0.16160000000002128
137,0.2835499999999911
137,0.35015000000009877
137,0.41440000000000055
137,0.47815000000002783
137,0.7413000000000238
137,1.2626000000000204
138,0.14980000000002747
138,0.2369500000000926
138,0.3223000000000411
138,0.3694500000000289
138,0.4583500000001095
138,0.511000000000081
138,0.6224500000000717
138,0.7619500000000698
138,0.8378000000000156
138,1.0522500000000719
139,-0.056150000000002365
139,-0.053599999999960346
139,0.1058500000000322
139,0.12925000000007003
139,0.177599999999984
139,0.22305000000005748
139,0.33505000000002383
139,0.44934999999998126
139,0.5084000000000515
139,0.6564500000000635
139,0.8114000000000487
139,1.2875999999999976
140,-0.2712500000000091
140,-0.04104999999992742
140,0.10779999999999745
140,0.210550000000012
140,0.2787500000000591
140,0.36885000000006585
140,0.4238000000000284
140,0.48414999999999964
140,0.60450000000003
140,0.9095499999999674
141,-0.052149999999983265
141,0.08740000000011605
141,0.1915000000000191
141,0.35610000000008313
141,0.4194000000001097
141,0.8134500000001026
141,1.001700000000028
141,1.1522500000000946
142,-0.07209999999997763
142,0.0533500000000231
142,0.09085000000004584
142,0.22439999999994598
142,0.5022000000000162
142,0.7500999999999749
142,0.8333999999999833
142,0.934949999999958
142,1.374900000000025
143,0.09530000000006567
143,0.20564999999999145
143,0.2576999999999998
143,0.34874999999999545
143,0.4101500000000442
143,0.47024999999996453
143,0.5363999999999578
143,0.9358499999999594
144,-0.2709499999999707
144,0.0655500000000302
144,0.1510000000000673
144,0.2984000000000151
144,0.38900000000001
144,0.47230000000001837
144,0.63575000000003
144,0.7895500000000766
144,1.0960000000001173
144,1.3690500000000156
145,0.15190000000006876
145,0.3593500000000631
145,0.47165000000006785
146,0.2207499999999527
146,0.43775000000005093
146,0.662900000000036
146,0.745049999999992
146,0.9517500000000609
146,1.402900000000045
147,0.09205000000008567
147,0.18565000000000964
147,0.2888500000000249
147,0.46240000000000236
147,0.5296000000000731
147,0.6713500000000749
148,-0.45394999999996344
148,-0.3392000000000053
148,-0.07094999999992524
148,0.10419999999999163
148,0.21210000000007767
148,0.28785000000004857
148,0.42135000000007494
148,0.5118499999999813
148,0.7919000000000551
148,0.9005000000000791
149,-0.3819499999999607
149,0.09785000000010768
149,0.1362500000000182
149,0.21020000000009986
149,0.26775000000009186
149,0.36590000000001055
149,0.45220000000006166
149,0.5268000000000939
149,0.6151500000000851
149,0.6636500000000751
149,0.7613000000001193
149,0.967450000000099
150,0.16940000000010969
150,0.20040000000005875
150,0.28625000000010914
150,0.35780000000011114
150,0.4294000000001006
150,0.5984500000000708
150,0.6917000000000826
150,0.7363000000000284
150,0.9285500000000866
150,1.0105000000000928
151,-0.33034999999995307
151,0.020849999999995816
151,0.12245000000007167
151,0.24549999999999272
151,0.3085000000000946
151,0.45830000000000837
151,0.5604500000000598
151,0.6697500000000218
151,0.7693500000000313
152,-0.1855000000000473
152,-0.026700000000005275
152,0.16944999999998345
152,0.2452499999999418
152,0.314049999999952
152,0.3764499999999771
152,0.4759000000000242
152,0.5377999999999474
152,0.9099499999999807
153,-0.2595499999999902
153,-0.04245000000003074
153,0.06965000000002419
153,0.15385000000003402
153,0.17984999999998763
153,0.20830000000000837
153,0.21735000000001037
153,0.2371499999999287
153,0.24299999999993815
153,0.250699999999938
153,0.28710000000000946
153,0.32974999999999
153,0.4000499999999647
153,0.45954999999992197
153,0.4889499999999316
153,0.5428499999999303
153,0.6825999999999794
153,0.9001999999999271
154,-0.3616500000000542
154,-0.2613499999999931
154,-0.22625000000005002
154,-0.1675999999999931
154,-0.05164999999999509
154,0.10164999999994961
154,0.18704999999999927
154,0.21225000000004002
154,0.3213499999999385
154,0.3719499999999698
154,0.44619999999997617
154,0.5002499999999372
154,0.5196999999999434
154,0.5306500000000369
154,0.5394999999999754
154,0.5961999999999534
154,0.6433499999999412
154,0.7299500000000307
155,-0.10665000000005875
155,0.008249999999975444
155,0.07614999999998417
155,0.13675000000000637
155,0.20929999999998472
155,0.2709499999999707
155,0.32474999999999454
155,0.41399999999998727
155,0.4594999999999345
155,0.5677499999999327
155,0.6662499999999909
155,0.8367999999999256
155,1.056449999999927
155,1.235749999999939
155,1.4608999999999241
156,-0.11294999999995525
156,-0.054250000000024556
156,0.03655000000003383
156,0.09550000000001546
156,0.16414999999994961
156,0.21469999999999345
156,0.27205000000003565
156,0.3540500000000293
156,0.3811000000000604
156,0.4645500000000311
156,0.52374999999995
156,0.5691000000000486
156,0.7373499999999922
156,0.8948500000000195
157,-0.14705000000003565
157,-0.08929999999998017
157,-0.07490000000007058
157,0.02944999999999709
157,0.13765000000000782
157,0.17354999999997744
157,0.20384999999998854
157,0.2207499999999527
157,0.29980000000000473
157,0.31539999999995416
157,0.3301500000000033
157,0.3649000000000342
157,0.42470000000002983
157,0.45719999999994343
157,0.4729499999999689
157,0.6157499999999345
157,0.6857499999999845
157,0.7560499999999593
157,0.9375499999999874
157,1.0586999999999307
157,1.4212499999999864
158,-0.27989999999988413
158,-0.006499999999959982
158,0.07480000000009568
158,0.15765000000010332
158,0.2614500000000817
158,0.36115000000006603
158,0.466350000000034
158,0.5069500000000744
158,0.695850000000064
158,0.7332000000001244
158,0.7815000000000509
158,1.0389500000001135
159,-0.4608499999999367
159,0.16534999999998945
159,0.21820000000002437
159,0.2665000000000646
159,0.33950000000004366
159,0.4181499999999687
159,0.47355000000004566
159,0.5259499999999662
159,0.5790000000000646
159,0.6372000000000071
159,0.7949499999999716
159,0.849550000000022
159,1.0020500000000538
159,1.1200000000000045
159,1.142500000000041
159,1.1780499999999847
160,0.08749999999997726
160,0.16714999999999236
160,0.1763499999999567
160,0.21415000000001783
160,0.30074999999999363
160,0.4199999999999591
160,0.48204999999995835
160,0.4922000000000253
160,0.501700000000028
160,0.5262000000000171
160,0.5900000000000318
160,0.7606999999999289
160,0.9058499999999867
160,1.0038999999999305
160,1.4911499999999478
161,-0.44734999999991487
161,-0.14829999999994925
161,0.1106000000000904
161,0.16540000000009059
161,0.22110000000009222
161,0.2634500000000344
161,0.4011000000000422
161,0.45755000000008295
161,0.5015000000000782
161,0.5211000000000467
161,0.5885000000000673
161,0.8936000000001059
161,1.4257499999999936
162,-0.435950000000048
162,-0.4012000000000171
162,-0.04629999999997381
162,0.007500000000050022
162,0.023149999999986903
162,0.10820000000001073
162,0.1280500000000302
162,0.15075000000001637
162,0.19050000000004275
162,0.19529999999997472
162,0.20150000000001
162,0.209699999999998
162,0.21730000000002292
162,0.22405000000003383
162,0.23185000000000855
162,0.2417000000000371
162,0.25175000000001546
162,0.2722999999999729
162,0.27880000000004657
162,0.29605000000003656
162,0.3054499999999507
162,0.31179999999994834
162,0.3180499999999711
162,0.3242999999999938
162,0.3382000000000289
162,0.3468000000000302
162,0.3529999999999518
162,0.36549999999999727
162,0.37419999999997344
162,0.38900000000001
162,0.39755000000002383
162,0.40859999999997854
162,0.4288500000000113
162,0.43764999999996235
162,0.45240000000001146
162,0.47199999999998
162,0.4772500000000264
162,0.4932499999999891
162,0.7598500000000286
163,0.08630000000005111
163,0.20080000000007203
163,0.2378000000001066
163,0.33835000000010496
163,0.3827000000001135
163,0.39345000000002983
163,0.4680000000000746
163,0.5125500000000329
163,0.6754500000000689
163,1.0278000000000702
163,1.0695500000000493
163,1.1667000000001053
164,-0.4595999999999094
164,0.09205000000008567
164,0.1652000000000271
164,0.23690000000010514
164,0.28225000000009004
164,0.3493500000000722
164,0.4171000000001186
164,0.46915000000012697
164,0.4794000000000551
164,0.49355000000002747
164,0.5287500000000591
164,0.6674000000000433
164,0.8847500000000537
165,-0.005549999999971078
165,0.15975000000003092
165,0.16790000000003147
165,0.26930000000004384
165,0.3854500000001053
165,0.5131500000001097
165,0.5788000000001148
165,0.6807000000001153
165,0.7153500000000577
165,0.975650000000087
165,1.1255000000001019
165,1.4810000000001082
166,-0.2943000000000211
166,-0.21289999999999054
166,-0.12274999999999636
166,0.06799999999998363
166,0.11525000000006003
166,0.16404999999997472
166,0.20915000000002237
166,0.27174999999999727
166,0.29664999999999964
166,0.4565499999999929
166,0.498450000000048
166,0.5348999999999933
166,0.5833499999999958
166,0.615099999999984
166,1.0392500000000382
167,-0.26329999999995835
167,0.0402000000000271
167,0.06745000000012169
167,0.11810000000002674
167,0.1815000000000282
167,0.2379000000000815
167,0.30910000000005766
167,0.3657500000000482
167,0.4117500000000973
167,0.4490000000000691
167,0.4846500000001015
167,0.5055000000000973
167,0.5351500000000442
167,0.6280500000000302
167,0.7979500000000144
167,0.9332500000000437
167,1.2072500000000446
168,-0.4586499999999205
168,-0.33884999999986576
168,-0.2726999999998725
168,-0.26329999999995835
168,-0.21444999999994252
168,-0.16924999999991996
168,-0.14679999999987103
168,-0.1281499999998914
168,-0.1129999999999427
168,-0.09504999999990105
168,-0.08934999999985394
168,-0.06999999999993634
168,-0.0607999999998583
168,-0.05194999999991978
168,-0.008999999999900865
168,-0.0016499999999268766
168,0.13180000000011205
168,0.21385000000009313
168,0.3104000000000724
168,0.38380000000006476
168,0.43240000000014334
168,0.4654000000000451
168,0.48260000000004766
168,0.49260000000003856
168,0.5000000000001137
168,0.5080000000000382
168,0.5155500000000757
168,0.528150000000096
168,0.5386000000000877
168,0.5439000000001215
168,0.5490000000000919
168,0.5574000000001433
168,0.5651000000001432
168,0.5734500000000935
168,0.5800000000000409
168,0.5870000000001028
168,0.5942000000001144
168,0.6035000000000537
168,0.6114500000001044
169,-0.09744999999998072
169,-0.06184999999993579
169,0.17640000000005784
169,0.3509000000000242
169,0.42190000000005057
169,0.49890000000004875
169,0.7462000000000444
170,0.1289000000000442
170,0.1452000000000453
170,0.15869999999995343
170,0.25250000000005457
170,0.3151500000000169
170,0.3822499999999991
170,0.4343499999999949
170,0.4841000000000122
170,0.6203500000000304
170,1.1091499999999996
171,-0.3595500000000129
171,-0.1272000000000162
171,0.116800000000012
171,0.21000000000003638
171,0.28099999999994907
171,0.42430000000001655
171,0.47604999999998654
171,0.5977500000000191
171,0.6432999999999538
171,0.7175999999999476
171,0.7998999999999796
171,1.311550000000011
172,0.1440499999999929
172,0.23210000000005948
172,0.2966000000000122
172,0.48384999999996126
172,0.5942499999999882
172,0.669399999999996
172,0.7227500000000191
172,0.7382999999999811
172,1.1046999999999798
172,1.2490000000000236
173,0.2526500000001306
173,0.3597500000000764
173,0.40725000000009004
173,0.5212000000000216
173,0.609600000000114
173,0.6579000000000406
173,0.7570500000000493
173,0.8639000000000578
173,1.4085000000001173
174,-0.32569999999998345
174,0.08520000000009986
174,0.1762500000000955
174,0.2604000000000042
174,0.4096000000000686
174,0.7439000000000533
174,0.8905500000000757
174,1.1119500000000926
174,1.2702500000000327
175,0.01195000000006985
175,0.020550000000071122
175,0.16375000000005002
175,0.2376000000000431
175,0.3290000000000646
175,0.41810000000009495
175,0.5270500000000311
175,0.6385000000000218
175,0.7349500000000262
175,0.8211500000001024
175,0.8458500000000413
175,1.3514500000001135
176,0.14240000000006603
176,0.19955000000004475
176,0.2338000000000875
176,0.31405000000006567
176,0.42754999999999654
176,0.5843500000000859
176,0.6469000000000733
176,0.669550000000072
176,0.6922500000000582
176,0.7448500000000422
176,0.7580500000000256
177,-0.23805000000004384
177,0.2448500000000422
177,0.4220500000000129
177,0.5292000000000598
177,0.6063000000000329
177,1.053700000000049
178,0.23215000000004693
178,0.3846000000000913
178,0.47525000000007367
178,0.597400000000107
178,0.6819500000000289
178,0.7186000000000377
178,0.8280000000000882
178,0.9128500000000486
178,1.1980000000000928
179,-0.32914999999991323
179,-0.17004999999994652
179,0.09160000000008495
179,0.1781500000000733
179,0.25700000000006185
179,0.30730000000005475
179,0.3808999999999969
179,0.4411000000000058
179,0.5175000000000409
179,0.673650000000066
179,0.8667000000000371
180,-0.41894999999999527
180,0.056850000000054024
180,0.1420500000000402
180,0.23565000000007785
180,0.35820000000001073
180,0.42155000000002474
180,0.4352000000000089
180,0.5638000000000147
180,0.6177000000000135
181,-0.3514999999998736
181,-0.3282499999999118
181,0.13325000000008913
181,0.21525000000008276
181,0.3480500000000575
181,0.4019500000000562
181,0.5607000000001108
181,0.6640500000000884
181,0.8385000000000673
181,1.4528500000001259
182,-0.07319999999992888
182,0.18570000000011078
182,0.29425000000003365
182,0.4851000000001022
182,0.644950000000108
182,0.8064000000000533
183,-0.47129999999992833
183,-0.01904999999987922
183,0.07245000000011714
183,0.1289000000000442
183,0.21395000000006803
183,0.25870000000008986
183,0.31970000000012533
183,0.4785500000000411
183,0.8846000000000913
184,1.4775500000000648
185,0.1674000000000433
185,0.35950000000002547
185,0.5083000000000766
185,0.6980000000000928
186,-0.4733499999999822
186,0.07720000000006166
186,0.21450000000004366
186,0.31510000000002947
186,0.4923000000000002
187,0.17265000000008968
187,0.38495000000011714
187,0.5152000000000498
187,0.6672000000000935
187,0.7663500000001022
188,-0.18830000000002656
188,0.11905000000001564
188,0.17600000000004457
188,0.26445000000001073
188,0.43934999999999036
188,0.49729999999999563
188,0.5440999999999576
188,0.8389999999999418
188,0.9357499999999845
188,1.0762999999999465
188,1.307800000000043
189,-0.16660000000001673
189,0.169399999999996
189,0.25099999999997635
189,0.3154500000000553
189,0.39755000000002383
189,0.628400000000056
189,1.23700000000008
189,1.4121999999999844
189,1.4518500000000358
190,0.1852000000001226
190,0.2671500000001288
190,0.42505000000005566
190,0.5221000000001368
190,0.6129500000000689
190,0.6991500000001452
190,0.7521000000000413
190,0.9754500000001372
190,1.1067000000000462
190,1.2334000000000742
191,-0.12304999999992106
191,-0.05454999999994925
191,0.062300000000050204
191,0.2948000000000093
191,0.6698499999999967
192,0.06665000000009513
192,0.19070000000010623
192,0.2625000000000455
192,0.4266000000001213
192,0.46030000000007476
192,0.5129000000000588
192,0.5792500000001155
192,0.783950000000118
193,-0.44029999999997926
193,-0.20510000000001583
193,0.09649999999999181
193,0.10829999999998563
193,0.2615499999999429
193,0.40625
193,0.5752499999999827
193,0.6702000000000226
193,0.7527000000000044
193,0.8184499999999844
193,1.0942999999999756
194,-0.06910000000004857
194,0.12694999999996526
194,0.22424999999998363
194,0.32650000000001
194,0.43145000000004075
194,0.5606500000000096
195,-0.472849999999994
195,-0.35675000000003365
195,-0.28759999999999764
195,-0.16155000000003383
195,-0.09474999999997635
195,0.024099999999975807
195,0.19164999999998145
195,0.31100000000003547
195,0.363399999999956
195,0.4249999999999545
195,0.5072499999999991
195,0.5521999999999707
195,0.6094000000000506
195,0.6814500000000407
195,0.7884999999999991
195,0.8487499999999955
195,0.8949499999999944
195,1.0704000000000633
196,-0.33819999999991524
196,-0.2542999999999438
196,-0.07654999999999745
196,0.09150000000011005
196,0.15275000000008276
196,0.16935000000000855
196,0.18480000000010932
196,0.1905500000000302
196,0.19725000000005366
196,0.3137500000000273
196,0.4570000000001073
196,0.5426500000000942
196,0.6497000000000526
196,0.7417500000000246
196,0.7719000000000733
196,0.8245500000000447
197,-0.25834999999995034
197,-0.07379999999989195
197,0.004550000000108412
197,0.16355000000010023
197,0.18475000000000819
197,0.24050000000011096
197,0.25025000000005093
197,0.3012500000000955
197,0.50750000000005
197,1.210800000000063
198,-0.3073499999999285
198,-0.1646499999999378
198,-0.11144999999999072
198,-0.06864999999993415
198,0.12445000000002437
198,0.14279999999996562
198,0.2022500000000491
198,0.33855000000005475
198,0.3522500000000264
198,1.4393999999999778
199,0.14670000000000982
199,0.22815000000002783
199,0.3908000000000129
199,1.1422000000000025
199,1.3424999999999727
200,-0.4227499999999509
200,-0.16604999999992742
200,0.026000000000067303
200,0.1412000000000262
200,0.19565000000011423
200,0.24640000000010787
200,0.4264500000000453
200,0.6112500000000409
200,0.7753000000001293
200,0.8701500000000806
200,0.9246000000000549
200,1.047200000000089
200,1.128500000000031
200,1.261850000000095
201,-0.30025000000000546
201,0.0706000000000131
201,0.162050000000022
201,0.21100000000001273
201,0.40449999999998454
201,0.4910499999999729
201,0.5728000000000293
201,0.7576500000000124
202,0.2419000000001006
202,0.3771500000001424
202,0.5347000000000435
202,0.6133000000000948
202,0.7721500000001242
202,1.3130500000000893
203,-0.22550000000001091
203,-0.1461500000000342
203,0.04870000000005348
203,0.12040000000001783
203,0.25605000000007294
203,0.32190000000002783
203,0.3531000000000404
203,0.42965000000003783
203,0.4577000000000453
203,0.47194999999999254
203,0.5348500000000058
203,0.61525000000006
203,0.7955000000000609
203,0.9030999999999949
204,0.07800000000008822
204,0.2828500000000531
204,0.3064000000000533
204,0.3746000000001004
204,0.48250000000007276
204,0.5973500000000058
205,0.09320000000002437
205,0.20240000000001146
205,0.21604999999999563
205,0.22810000000004038
205,0.3943500000000313
205,0.47345000000007076
205,0.5289500000000089
205,0.6436500000000933
205,0.7889000000000124
206,-0.44164999999998145
206,-0.36474999999995816
206,-0.04205000000001746
206,0.05274999999994634
206,0.15184999999996762
206,0.18479999999999563
206,0.2930499999999938
206,0.31655000000000655
206,0.4108499999999822
206,0.5430999999999813
206,0.6016499999999496
206,0.650449999999978
206,0.9700500000000147
207,0.2533500000000686
207,0.4759000000001379
207,0.60450000000003
207,0.6629500000001372
207,0.8703000000000429
207,1.1317000000001372
208,-0.04739999999992506
208,0.1530999999999949
208,0.20935000000008586
208,0.2764000000000806
208,0.34455000000002656
208,0.384900000000016
208,0.4299500000000762
208,0.625
208,0.7072500000000446
208,1.3821500000000242
209,0.014700000000061664
209,0.15430000000003474
209,0.23955000000000837
209,0.33055000000001655
209,0.3704000000000178
209,0.4156000000000404
209,0.5201500000000578
209,0.6963000000000648
209,0.8197999999999865
210,-0.1922500000000582
210,0.17885000000001128
210,0.26044999999999163
210,0.3312499999999545
210,0.3708000000000311
210,0.44984999999996944
210,0.5384000000000242
210,0.5901499999999942
210,0.9903000000000475
211,-0.17154999999991105
211,-0.10279999999988831
211,-0.07929999999987558
211,-9.999999997489795e-05
211,0.08445000000006075
211,0.09950000000003456
211,0.12760000000002947
211,0.20880000000011023
211,0.2387500000000955
211,0.29825000000005275
211,0.3696500000000924
211,0.41975000000002183
211,0.4793000000000802
211,0.6298500000000331
211,0.9653500000000577
211,1.3748500000000377
212,-0.19145000000003165
212,-0.11924999999996544
212,0.03660000000002128
212,0.23194999999998345
212,0.3509999999999991
212,0.3624999999999545
212,0.3994999999999891
212,0.6141000000000076
212,0.6547500000000355
212,0.7019999999999982
212,0.9528999999999996
212,1.0457499999999982
212,1.106049999999982
213,0.16170000000010987
213,0.22285000000010768
213,0.3735500000000229
213,0.4115000000000464
213,0.458150000000046
213,0.5579000000001315
213,1.1633000000000493
214,0.1919500000001335
214,0.26005000000009204
214,0.4133000000000493
214,0.49755000000004657
214,0.6682000000000698
214,0.8934000000000424
214,1.0806000000001177
214,1.3064500000000407
214,1.383350000000064
215,0.3084999999999809
215,0.37220000000002074
215,0.44230000000004566
215,0.47415000000000873
215,0.80174999999997
215,0.8487999999999829
216,-0.24404999999990196
216,-0.15354999999999563
216,-0.06044999999994616
216,0.008150000000000546
216,0.10115000000007512
216,0.16935000000000855
216,0.21600000000000819
216,0.27225000000009913
216,0.3605000000000018
216,0.4059500000000753
216,0.45715000000006967
216,0.6092000000001008
216,0.8376000000000658
216,1.153950000000009
216,1.201750000000061
217,-0.42859999999996035
217,-0.351949999999988
217,-0.13199999999994816
217,-0.021700000000009823
217,0.06520000000000437
217,0.1966499999999769
217,0.33465000000001055
217,0.39629999999999654
217,0.4601999999999862
217,0.546950000000038
217,0.6835499999999683
217,1.140700000000038
218,0.3699500000000171
218,0.4954000000000178
218,0.5049999999999955
218,0.6581999999999653
218,0.7185000000000628
218,0.7423999999999751
218,0.8755499999999756
219,0.2686500000000933
219,0.5667000000000826
219,0.6824000000000296
219,0.8386500000000296
219,1.350999999999999
220,-0.43629999999996016
220,-0.10779999999999745
220,0.1451999999999316
220,0.21164999999996326
220,0.3073500000000422
220,0.8310000000000173
220,1.0153000000000247
221,0.20590000000004238
221,0.3268000000000484
221,0.5414500000000544
221,0.6037000000000035
221,0.9657500000000709
222,0.2052000000001044
222,0.4965500000000702
222,0.7320000000000846
223,0.20280000000002474
223,0.36549999999999727
224,0.40240000000005693
224,0.5055999999999585
224,1.033900000000017
225,-0.3336499999999205
225,0.1397500000000491
225,0.259050000000002
225,0.47395000000005894
225,0.6118000000000166
225,0.7883000000000493
225,0.8253500000000713
226,-0.21944999999993797
226,-0.20304999999996198
226,-0.0005499999999756255
226,0.12495000000001255
226,0.29970000000002983
226,0.37685000000010405
226,0.4331000000000813
226,0.4845500000000129
226,0.5648500000000922
226,0.5983500000000959
226,0.65725000000009
226,0.8784500000000435
226,1.0774500000001126
227,0.08690000000012787
227,0.2037000000000262
227,0.28645000000005894
227,0.42020000000002256
227,0.5233500000000504
227,0.6471500000001242
228,0.5806499999999915
229,0.3127000000000635
229,0.41335000000003674
229,0.5375500000000102
229,0.6288500000000568
229,0.739400000000046
229,0.8808500000000095
230,-0.41869999999994434
230,-0.2658999999999878
230,0.0351500000000442
230,0.04650000000003729
230,0.14065000000005057
230,0.19974999999999454
230,0.22575000000006185
230,0.2735500000000002
230,0.3579499999999598
230,0.4039500000000089
230,0.4586500000000342
230,0.5156000000000631
230,0.5526999999999589
230,0.6499999999999773
230,0.74675000000002
231,-0.46814999999992324
231,0.005300000000033833
231,0.05555000000003929
231,0.09770000000003165
231,0.14030000000002474
231,0.18480000000010932
231,0.24515000000008058
231,0.2595000000001164
231,0.27635000000009313
231,0.28375000000005457
231,0.29005000000006476
231,0.2980000000001155
231,0.3018000000000711
231,0.30795000000011896
231,0.31615000000010696
231,0.3227000000000544
231,0.3324000000001206
231,0.33990000000005693
231,0.35235000000011496
231,0.5290500000000975
231,0.6668500000000677
231,0.7109000000000378
231,0.776700000000119
231,0.8796000000000959
231,0.9901000000000977
232,0.20090000000004693
232,0.4208499999999731
232,0.4946499999999787
232,0.5925999999999476
232,0.9478000000000293
233,0.1410000000000764
233,0.17810000000008586
233,0.2107500000000755
233,0.3381500000000415
233,0.4563500000000431
233,0.5907500000000709
233,0.6700500000000602
233,0.7830000000001291
233,0.8164000000000442
233,1.0276000000001204
234,0.11000000000001364
234,0.1986500000000433
234,0.33685000000002674
234,0.4039500000000089
234,0.5307500000000118
234,0.5858500000000504
234,0.592899999999986
234,0.6572999999999638
234,0.8943000000000438
234,1.0427499999999554
234,1.1251499999999623
235,-0.047300000000063847
235,0.08624999999994998
235,0.18110000000001492
235,0.24384999999995216
235,0.34694999999999254
235,0.5151499999999487
236,-0.1057500000000573
236,0.10495000000003074
236,0.1786499999999478
236,0.28375000000005457
236,0.32789999999999964
236,0.49490000000002965
236,0.5962500000000546
236,0.6457000000000335
236,0.832149999999956
236,0.9294999999999618
237,0.5456000000000358
237,0.947550000000092
237,1.2821500000000015
238,-0.32455000000004475
238,0.11215000000004238
238,0.21630000000004657
238,0.45439999999996417
238,0.5348999999999933
238,0.6470500000000357
238,1.0225000000000364
238,1.079650000000015
239,0.17285000000003947
239,0.284650000000056
239,0.8171499999999696
240,-0.17059999999992215
240,0.1307000000000471
240,0.20910000000003492
240,0.2746500000000651
240,0.3878500000000713
240,0.545400000000086
240,0.7206500000000915
240,0.8548500000000558
240,0.9783500000000913
240,1.048400000000015
241,-0.39229999999997744
241,-0.11874999999997726
241,-0.017749999999978172
241,0.19614999999998872
241,0.23930000000007112
241,0.2701000000000704
241,0.3163000000000693
241,0.3893000000000484
241,0.44479999999998654
241,0.481200000000058
241,0.5156500000000506
241,0.6607000000000198
241,0.7933000000000447
241,1.27150000000006
242,-0.40094999999996617
242,-0.20539999999994052
242,-0.11454999999989468
242,-0.060549999999921056
242,0.0935500000000502
242,0.18135000000006585
242,0.22325000000012096
242,0.26100000000008095
242,0.3138000000001284
242,0.32405000000005657
242,0.426050000000032
242,0.4500500000000329
242,0.4811500000000706
242,0.5080500000001393
242,0.528850000000034
242,0.5443000000001348
242,1.241700000000037
242,1.3755500000000893
243,-0.25310000000001764
243,0.14494999999999436
243,0.21720000000004802
243,0.3035499999999729
243,0.3993000000000393
243,0.472849999999994
243,0.5693999999999733
243,0.6719000000000506
243,0.9075500000000147
244,0.20015000000000782
244,0.2490500000000111
244,0.4029000000000451
244,0.4692499999999882
244,0.5440499999999702
244,0.6366500000000315
245,0.16150000000004638
245,0.2175000000000864
245,0.2818000000000893
245,0.3508000000000493
245,0.4071000000001277
245,0.47145000000011805
245,0.5111500000000433
245,0.571950000000129
245,0.6389000000001488
245,0.8067500000000791
245,0.9483500000001186
245,1.2567000000001372
246,-0.01899999999989177
246,0.021500000000060027
246,0.1541500000000724
246,0.20485000000007858
246,0.2470500000000584
246,0.25880000000006476
246,0.26670000000001437
246,0.31875000000002274
246,0.3996500000000651
246,0.4544500000000653
246,0.48755000000005566
246,0.6190000000000282
246,0.7099500000000489
246,0.7342000000001008
246,0.8781000000000176
246,0.9559500000000298
246,1.0115000000000691
246,1.2703500000001213
246,1.4650500000000193
247,-0.2580999999998994
247,0.17060000000003583
247,0.2753500000000031
247,0.41525000000001455
247,0.6469500000000608
247,0.7133499999999913
247,0.9306500000000142
247,1.1963500000000522
247,1.421950000000038
248,-0.39239999999995234
248,0.13160000000004857
248,0.2661000000000513
248,0.4186500000000706
248,0.7209500000001299
248,0.7670500000000402
248,1.0025000000000546
248,1.1044500000000426
248,1.4457500000000891
249,0.1915000000000191
249,1.0287500000000591
250,0.20335000000000036
250,0.29415000000005875
250,0.467899999999986
250,0.5557499999999891
250,0.6413499999999885
250,0.796100000000024
251,0.1228000000000975
251,0.2741000000000895
251,0.4801000000001068
251,0.5780500000000757
251,0.7617000000000189
251,0.9033500000000458
251,1.0797500000001037
252,0.19190000000003238
252,0.3102999999999838
252,0.4019500000000562
252,0.4855000000000018
252,0.578200000000038
252,0.6451499999999442
252,0.9590500000000475
252,1.3870000000000573
253,-0.41099999999983083
253,-0.1761500000000069
253,-0.1372999999998683
253,0.05920000000014625
253,0.11230000000000473
253,0.18760000000020227
253,0.24050000000011096
253,0.2676500000000033
253,0.38800000000014734
253,0.4470499999999902
253,0.5962500000000546
253,0.6544499999999971
253,0.7058500000000549
253,0.8773000000001048
253,0.9301500000001397
253,1.4320000000000164
254,0.20820000000003347
254,0.2602999999999156
254,0.31244999999989886
254,0.3843500000000404
254,0.5683500000000095
254,0.6197999999999411
254,0.6949499999998352
254,0.710399999999936
254,0.7284499999998388
254,0.7387499999999818
254,0.8516999999999371
254,0.9328499999999167
254,1.056100000000015
254,1.175899999999956
255,0.06310000000007676
255,0.182549999999992
255,0.21014999999988504
255,0.2638999999999214
255,0.29424999999991996
255,0.4281499999999596
255,0.4823499999999967
255,0.5282999999999447
255,0.5355999999999312
255,0.5769000000000233
255,0.6322000000000116
255,0.7586499999999887
255,0.8763500000000022
256,-0.30379999999991014
256,-0.0966000000000804
256,0.18505000000004657
256,0.23949999999990723
256,0.29835000000002765
256,0.44344999999998436
256,0.5080000000000382
256,0.6759999999999309
257,0.2854500000000826
257,0.39845000000013897
257,0.45365000000015243
257,0.5373000000001866
257,0.5703500000001895
257,0.8991000000000895
257,1.281500000000051
258,-0.4961000000000695
258,-0.1147000000000844
258,0.16079999999988104
258,0.19135000000005675
258,0.3735500000000229
258,0.5185999999998785
258,0.6157000000000608
258,0.64975000000004
258,0.741649999999936
258,0.8255500000000211
258,0.9012499999998909
258,1.0536500000000615
259,0.17599999999993088
259,0.2980999999999767
259,0.3911000000000513
259,0.4410000000000309
259,0.5871999999999389
259,0.6372499999999945
259,0.7121500000000651
259,0.7973500000000513
259,0.8499500000000353
259,1.330500000000029
260,-0.057649999999966894
260,0.044949999999971624
260,0.0887000000000171
260,0.18024999999988722
260,0.21374999999989086
260,0.2559999999998581
260,0.28674999999998363
260,0.29710000000000036
260,0.302199999999857
260,0.3131499999999505
260,0.32009999999991123
260,0.3258499999999458
260,0.3404499999999189
260,0.34580000000005384
260,0.3507999999999356
260,0.36009999999987485
260,0.3722499999998945
260,0.38255000000003747
260,0.38954999999987194
260,0.3965499999999338
260,0.7791999999999462
260,1.0974999999998545
260,1.1168499999998858
261,-0.4494999999999436
261,-0.34180000000014843
261,-0.2856000000001586
261,-0.269800000000032
261,-0.16540000000009059
261,0.02404999999998836
261,0.10254999999983738
261,0.12654999999995198
261,0.1454999999998563
261,0.15619999999989886
261,0.2537499999998545
261,0.2798999999999978
261,0.3532999999999902
261,0.3901499999999487
261,0.4113999999999578
261,0.49509999999986576
261,0.5416499999998905
261,0.5534499999998843
261,0.7437999999999647
261,1.0960999999999785
262,-0.4673999999999978
262,-0.15409999999997126
262,0.14640000000008513
262,0.2191499999998996
262,0.26565000000005057
262,0.3470999999999549
262,0.4852499999999509
262,0.5113499999999931
262,0.7212500000000546
262,0.9818499999998949
262,1.0268499999999676
262,1.3543500000000677
262,1.4709499999999025
263,0.09765000000015789
263,0.14855000000011387
263,0.22095000000012988
263,0.24460000000021864
263,0.31520000000023174
263,0.34690000000023247
263,0.37310000000024957
263,0.4648000000001957
263,0.4773000000002412
263,0.500150000000076
263,0.5384000000001379
263,0.5612500000002001
263,0.5717500000000655
263,0.6444500000002336
263,0.6789500000002135
263,1.2187500000002274
263,1.4976000000001477
264,-0.16745000000014443
264,0.08535000000006221
264,0.14695000000006075
264,0.15399999999999636
264,0.2717999999999847
264,0.3012499999999818
264,0.4788499999999658
264,0.5287499999999454
264,0.5643499999998767
264,0.5885499999999411
264,0.8395499999999174
264,1.4611499999998614
265,-0.1988499999999931
265,0.1745499999999538
265,0.24755000000004657
265,0.2766999999998916
265,0.33095000000002983
265,0.35954999999989923
265,0.4229000000000269
265,0.43524999999999636
265,0.47164999999995416
265,0.516399999999976
265,0.583849999999984
265,0.6244999999998981
265,0.6447499999999309
266,0.004149999999981446
266,0.19135000000005675
266,0.21875
266,0.2764999999999418
266,0.4908499999999094
266,0.6075000000000728
266,1.0137500000000728
267,-0.21315000000004147
267,0.17384999999990214
267,0.21529999999984284
267,0.31169999999997344
267,0.412900000000036
267,0.5018999999999778
267,0.6568999999999505
267,0.9205500000000484
268,-0.11934999999994034
268,-0.038049999999884676
268,0.10554999999999382
268,0.16470000000003893
268,0.3194499999999607
268,0.3503000000000611
268,0.3614500000001044
268,0.4572499999999309
268,0.561200000000099
268,0.7719999999999345
269,0.12774999999987813
269,0.19505000000003747
269,0.28769999999985885
269,0.355350000000044
269,0.39580000000000837
269,0.4721999999999298
269,0.5616499999998723
269,0.6082499999999982
269,0.7223999999998796
269,0.8203499999999622
269,1.1587500000000546
270,-0.4178999999999178
270,-0.3106999999999971
270,-0.06044999999994616
270,0.11615000000006148
270,0.17390000000000327
270,0.22410000000013497
270,0.29185000000006767
270,0.349250000000211
270,0.4709500000001299
270,0.5014000000001033
270,0.5486000000000786
270,0.570850000000064
270,0.5795000000000528
270,0.5960000000000036
270,0.6051500000000942
270,0.7193500000000768
270,0.8421000000000731
270,0.9619000000000142
270,1.2430500000000393
271,-0.36344999999982974
271,-0.1532999999999447
271,-0.07444999999984248
271,-0.02935000000002219
271,0.031050000000050204
271,0.11599999999998545
271,0.1751000000001568
271,0.19105000000013206
271,0.22870000000011714
271,0.2367500000000291
271,0.2560000000000855
271,0.26269999999999527
271,0.27359999999998763
271,0.2777499999999691
271,0.2844000000000051
271,0.2921000000001186
271,0.4654000000000451
271,0.481899999999996
271,0.4963000000000193
271,0.6685500000000957
271,0.7836500000000797
271,1.050799999999981
271,1.2390500000001339
271,1.2998500000001059
271,1.4172000000000935
272,-0.3720499999999447
272,-0.32779999999979736
272,-0.2623999999998432
272,-0.1698999999998705
272,-0.03234999999995125
272,0.01845000000002983
272,0.09475000000020373
272,0.11440000000015971
272,0.16000000000008185
272,0.24810000000024957
272,0.3168000000000575
272,0.3249000000000706
272,0.4020500000001448
272,0.5279000000000451
272,0.7188500000002023
272,1.2157000000001972
272,1.4488000000001193
273,-0.48099999999999454
273,0.12594999999987522
273,0.18624999999997272
273,0.3415499999998701
273,0.4015999999999167
273,0.4493499999998676
273,0.4619999999999891
273,0.47859999999991487
273,0.4863000000000284
273,0.5191499999998541
273,0.5384500000000116
273,0.5480000000000018
273,0.5635499999998501
273,0.5711999999998625
273,0.5774999999998727
273,0.586699999999837
273,0.5944999999999254
273,0.6013000000000375
273,0.608199999999897
273,0.6138499999999567
273,0.6188999999999396
273,0.6294000000000324
273,0.6358499999998912
273,0.6465499999999338
273,0.6524500000000444
273,0.6599999999998545
273,0.6666499999998905
273,0.6729499999999007
273,0.682549999999992
273,0.6896500000000287
273,0.6994499999998425
273,0.8923499999998512
273,1.2951499999999214
273,1.420699999999897
274,-0.23569999999995161
274,-0.08744999999998981
274,0.24240000000008877
274,0.3006000000000313
274,0.4811500000000706
274,0.5204000000001088
274,0.5585000000000946
274,0.5978000000000065
274,0.8652000000001863
274,0.9254000000000815
274,1.2187000000001262
275,-0.4624499999999898
275,-0.390999999999849
275,-0.017449999999826105
275,0.13940000000002328
275,0.21105000000011387
275,0.2723500000001877
275,0.3418500000000222
275,0.3566000000000713
275,0.3760500000000775
275,0.43305000000009386
275,0.46365000000014334
275,0.5096500000001924
275,0.5630000000001019
275,0.6212500000001455
275,1.1129000000000815
275,1.1814500000000407
275,1.251700000000028
276,-0.1514999999999418
276,-0.12419999999997344
276,-0.11670000000003711
276,-0.022400000000061482
276,-0.008550000000013824
276,0.0017499999999017746
276,0.00980000000004111
276,0.041399999999839565
276,0.10715000000004693
276,0.18844999999987522
276,0.21145000000001346
276,0.26700000000005275
276,0.29139999999983957
276,0.2999499999998534
276,0.31510000000002947
276,0.32034999999996217
276,0.3260999999999967
276,0.3311999999998534
276,0.34189999999989595
276,0.3556999999998425
276,0.4916000000000622
276,0.583699999999908
277,-0.47415000000000873
277,-0.33654999999998836
277,0.1477500000000873
277,0.20710000000008222
277,0.2912499999999909
277,0.38560000000006767
277,0.46309999999994034
277,0.4947500000000673
277,0.5064500000000862
277,0.5136999999999716
277,0.6078500000000986
277,0.9804000000001452
277,1.3215000000000146
278,-0.25649999999996
278,0.1148000000000593
278,0.1491000000000895
278,0.21225000000004002
278,0.22365000000013424
278,0.2576000000001386
278,0.3095500000001721
278,0.342049999999972
278,0.4003500000001168
278,0.41505000000006476
278,0.42039999999997235
278,0.43219999999996617
278,0.4375
278,0.44240000000013424
278,0.4475999999999658
278,0.4587500000000091
278,0.4701999999999771
278,0.4865500000000793
278,0.4982500000000982
278,0.504950000000008
278,0.5140000000001237
279,0.06920000000013715
279,0.16875000000004547
279,0.19230000000015934
279,0.2025499999999738
279,0.2363500000001295
279,0.282950000000028
279,0.32169999999996435
279,0.38830000000007203
279,0.4026000000001204
279,0.4200500000001739
279,0.4379500000000007
279,0.4462499999999636
279,0.45095000000014807
279,0.4614000000001397
279,0.4701999999999771
279,0.491800000000012
279,0.4982500000000982
279,0.5167500000000018
279,0.8348000000000866
279,1.0261500000001433
279,1.0699500000000626
279,1.0775499999999738
279,1.0854000000001633
279,1.0949500000001535
279,1.100550000000112
279,1.1069500000000971
279,1.1253500000000258
279,1.148450000000139
279,1.1585500000001048
279,1.169300000000021
279,1.174099999999953
279,1.1892500000001291
279,1.2034000000001015
280,0.053249999999934516
280,0.13789999999994507
280,0.24925000000007458
280,0.30054999999993015
280,0.38474999999994
280,0.4307000000001153
280,0.4981999999999971
280,0.5913499999999203
280,0.6622999999999593
280,0.7275999999999385
280,0.8952500000000327
280,1.0137500000000728
280,1.4185500000000957
280,1.4856999999999516
281,-0.2849999999998545
281,-0.14414999999985412
281,0.055600000000140426
281,0.16600000000016735
281,0.191300000000183
281,0.24700000000007094
281,0.26005000000009204
281,0.3008500000000822
281,0.3420000000000982
281,0.3846000000000913
281,0.4454000000000633
281,0.4918999999999869
281,0.5226000000000113
281,0.5674000000001342
281,0.6222500000001219
281,0.8744000000001506
281,1.1761000000001332
282,-0.420399999999745
282,-0.18954999999982647
282,-0.06354999999985012
282,0.08300000000008367
282,0.15640000000007603
282,0.18395000000009532
282,0.2266500000000633
282,0.31825000000026193
282,0.3578500000000986
282,0.3657500000001619
282,0.3729000000000724
282,0.47830000000021755
282,0.5528500000002623
282,0.9665000000002237
283,-0.4867500000000291
283,-0.22870000000011714
283,-0.08504999999991014
283,0.15944999999987886
283,0.217049999999972
283,0.24469999999996617
283,0.2580000000000382
283,0.29960000000005493
283,0.36380000000008295
283,0.3767499999999018
283,0.39419999999995525
283,0.40734999999995125
283,0.41584999999986394
283,0.4211999999999989
283,0.42820000000006075
283,0.4991499999998723
283,0.5208499999998821
283,0.5340499999999793
283,0.5452000000000226
283,0.5509500000000571
283,0.5562499999998636
283,0.573799999999892
283,0.5795000000000528
283,0.5880500000000666
283,0.8876999999999953
283,1.394900000000007
284,-0.18069999999988795
284,-0.1505499999998392
284,0.13010000000008404
284,0.1800500000001648
284,0.21070000000008804
284,0.22860000000014224
284,0.25909999999998945
284,0.2658000000001266
284,0.3334500000000844
284,0.39485000000013315
284,0.4231000000002041
284,0.44145000000003165
284,0.4623500000000149
284,0.4773999999999887
284,0.4831500000000233
284,0.4911000000001877
284,0.49795000000017353
284,0.5048000000001593
284,0.5156000000001768
284,0.5243000000000393
284,0.5304500000002008
284,0.5451500000001488
284,0.5584000000001197
284,0.5679500000001099
284,0.5733999999999924
284,0.5787000000000262
284,0.5887000000000171
284,0.5963500000000295
284,0.6096500000001015
284,0.6168999999999869
284,0.6235000000001492
284,0.6306000000001859
284,0.6393500000001495
284,0.6487500000000637
284,0.6593500000001313
284,0.6677000000001954
285,-0.26700000000005275
285,-0.07330000000001746
285,0.1278500000000804
285,0.17904999999996107
285,0.24099999999998545
285,0.2776000000001204
285,0.34465000000000146
285,0.44219999999995707
285,0.48500000000012733
285,0.5247999999999138
285,0.5489999999999782
285,0.5706500000001142
285,0.5790999999999258
285,0.5866499999999633
285,0.6783000000000357
285,0.856899999999996
285,1.0120999999999185
286,-0.09420000000000073
286,0.17439999999987776
286,0.2389499999999316
286,0.2750499999999647
286,0.3220499999999902
286,0.33275000000003274
286,0.34884999999985666
286,0.3718499999999949
286,0.38104999999995925
286,0.3936999999998534
286,0.40229999999996835
286,0.4097500000000309
286,0.4151999999999134
286,0.4279999999998836
286,0.43709999999987303
286,0.4438999999999851
286,0.45135000000004766
286,0.4618000000000393
286,0.46775000000002365
286,0.47374999999988177
286,0.48454999999989923
286,0.49520000000006803
286,0.5112500000000182
286,0.6654499999999643
286,0.7200000000000273
286,0.86525000000006
286,1.0593999999998687
287,-0.20295000000010077
287,-0.17374999999992724
287,0.1995999999999185
287,0.30465000000003783
287,0.3996500000000651
287,0.4649500000000444
287,0.5465999999998985
287,0.5822499999999309
287,0.6336999999998625
287,0.7186500000000251
288,0.04739999999992506
288,0.1664499999999407
288,0.2300000000000182
288,0.2737999999999374
288,0.3009500000000571
288,0.3405999999999949
288,0.3638499999999567
288,0.4607499999999618
288,0.49350000000004
288,0.5917999999999211
288,0.6846499999999196
288,0.7383500000000822
288,0.9393999999999778
289,-0.3022000000000844
289,-0.23405000000002474
289,-0.1721500000001015
289,-0.1542500000000473
289,-0.06275000000005093
289,0.001150000000052387
289,0.05475000000001273
289,0.09434999999984939
289,0.11574999999993452
289,0.15010000000006585
289,0.17314999999985048
289,0.18394999999986794
289,0.1938000000000102
289,0.19914999999991778
289,0.20630000000005566
289,0.21489999999994325
289,0.22059999999987667
289,0.22554999999988468
289,0.23049999999989268
289,0.23869999999988067
289,0.2438999999999396
289,0.2490499999998974
289,0.25624999999990905
289,0.26424999999994725
289,0.40764999999987594
289,0.512749999999869
289,0.7568999999998596
289,1.158050000000003
290,-0.30265000000008513
290,-0.1150000000000091
290,-0.058749999999918145
290,0.013599999999996726
290,0.04175000000009277
290,0.08465000000001055
290,0.10605000000009568
290,0.12360000000012406
290,0.13315000000011423
290,0.14800000000013824
290,0.17160000000012587
290,0.18380000000001928
290,0.23604999999997744
290,0.2760000000000673
290,0.3500500000000102
290,0.4627500000001419
290,0.5332000000000789
290,0.570850000000064
290,0.6935499999999593
290,0.7912000000001171
290,0.9193000000000211
290,1.1491499999999633
290,1.272950000000037
291,-0.304300000000012
291,0.09875000000010914
291,0.13570000000004256
291,0.1566499999998996
291,0.24154999999996107
291,0.3468000000000302
291,0.40515000000004875
291,0.45135000000004766
291,0.5967000000000553
291,0.6842999999998938
292,-0.031449999999949796
292,0.07384999999999309
292,0.16075000000000728
292,0.24025000000006003
292,0.348700000000008
292,0.4386500000000524
292,0.4694000000001779
292,0.5101000000001932
292,0.6767000000002099
292,0.7228000000000065
292,0.8410000000001219
293,-0.17705000000000837
293,0.15650000000005093
293,0.2316000000000713
293,0.30235000000016043
293,0.4701999999999771
293,0.748450000000048
294,0.15204999999991742
294,0.3602000000000771
294,0.44039999999995416
294,0.537499999999909
294,0.7898499999998876
294,0.8829499999999371
295,0.13094999999998436
295,1.4682499999998981
296,0.18489999999997053
296,0.24084999999990941
296,0.33034999999995307
296,0.4589499999999589
296,0.5397000000000389
296,0.5536999999999352
296,0.633049999999912
296,0.7240999999999076
296,0.8977500000000873
296,1.0454999999999472
296,1.2869499999999334
297,-0.4772000000000389
297,0.22424999999998363
297,0.3360499999998865
297,0.4259999999999309
297,0.5072999999999865
297,0.60674999999992
297,0.8296000000000276
297,1.4938499999998385
298,0.12265000000002146
298,0.17780000000016116
298,0.22310000000015862
298,0.2687500000001819
298,0.3275500000002012
298,0.38220000000001164
298,0.4257000000000062
298,0.5002500000000509
298,0.5997500000000855
298,1.3882500000001983
299,0.013599999999996726
299,0.1284499999999298
299,0.18689999999992324
299,0.24270000000001346
299,0.2771499999998923
299,0.3215499999998883
299,0.32825000000002547
299,0.3429999999998472
299,0.366800000000012
299,0.43955000000005384
299,0.531099999999924
299,0.547800000000052
299,0.5919999999998709
300,-0.12149999999996908
300,-0.011849999999867578
300,0.05975000000012187
300,0.11840000000006512
300,0.19935000000009495
300,0.2805000000000746
300,0.33615000000008877
300,0.3746000000001004
300,0.45840000000021064
300,0.6146500000002106
300,0.7304000000001452
300,0.8063500000000658
300,0.9750500000000102
300,1.3927000000001044
301,-0.3049999999998363
301,-0.0647999999998774
301,0.09485000000017862
301,0.16820000000006985
301,0.24054999999998472
301,0.33120000000008076
301,0.43610000000012406
301,0.5214000000000851
301,0.6180500000000393
301,0.7308500000001459
301,0.8466000000000804
302,0.13445000000001528
302,0.24025000000006003
302,0.3512000000000626
302,0.40094999999996617
302,0.4925499999999374
302,0.59375
302,0.7287499999999909
302,0.8232499999999163
302,1.060649999999896
303,-0.2570499999999356
303,0.2217000000000553
303,0.3885499999998956
303,0.4519000000000233
303,0.5392500000000382
303,0.6556000000000495
304,0.37515000000007603
304,0.46699999999987085
304,0.5481500000000779
305,0.16260000000011132
305,0.23585000000002765
305,0.3525999999999385
305,0.506900000000087
305,0.5940000000000509
305,0.7417500000001382
306,-0.2767499999999927
306,0.24610000000006949
306,0.29690000000005057
306,0.36285000000020773
306,0.45765000000005784
307,0.3650000000000091
307,0.4392499999999018
307,0.5692500000000109
308,0.06875000000013642
308,0.17315000000007785
308,0.31690000000025975
308,0.45260000000007494
308,0.5542500000001382
308,0.7410500000000866
309,0.11505000000011023
309,0.1854000000000724
309,0.31615000000010696
309,0.3655500000002121
309,0.4006500000000415
309,0.4736000000002605
309,0.5696500000001379
309,0.717450000000099
310,-0.09659999999985303
310,0.14015000000017608
310,0.2398000000000593
310,0.4108499999999822
310,0.5006000000000768
311,0.23244999999997162
311,0.36505000000011023
311,0.4256000000000313
311,0.44430000000011205
311,0.45849999999995816
311,0.46935000000007676
311,0.47880000000009204
311,0.5687500000001364
311,0.6634500000000116
311,0.7327000000000226
311,0.8337500000000091
312,0.2194000000001779
312,0.3789000000001579
312,0.48099999999999454
312,0.5304000000000997
312,0.6394500000001244
313,0.20630000000005566
313,0.46184999999991305
313,0.5180000000000291
313,0.5863999999999123
314,0.18250000000011823
314,0.34915000000000873
314,0.4457999999999629
314,0.6703999999999724
314,0.7672000000000025
315,0.4123500000000604
315,0.5844500000000608
315,0.6658500000000913
316,0.12229999999999563
316,0.40685000000007676
316,0.4825499999999465
317,0.1703500000000986
317,0.22060000000010405
318,0.4818000000000211
319,-0.4887499999999818
319,0.13125000000013642
319,0.21305000000006658
319,0.41265000000021246
319,0.5346000000001823
319,0.7390500000001339
319,1.4035000000001219
321,0.1303499999999076
321,0.24234999999998763
321,0.31455000000005384
322,0.23050000000012005
322,0.4765500000000884
322,0.529850000000124
322,0.6108500000000276
322,0.7391500000001088
323,0.21875000000022737
323,0.4230000000002292
325,0.1512000000000171
325,1.1768000000001848
326,0.7343500000001768
326,0.776700000000119
326,0.8034999999999854
327,0.7117500000001655
327,0.8770500000000538
327,1.184900000000198
328,0.17374999999992724
330,-0.23354999999992287
330,0.030349999999998545
330,0.14755000000013752
332,0.2512500000000273
333,0.15125000000011823
