trial_index,pfc_mag_standardized,dms_mag_standardized,prpd_standardized,pfc_mag_filtered,dms_mag_filtered,prpd_filtered,pfc_phase,dms_phase,prpd_phase
1,0.7399298183173731,0.8624034590330272,0.3572878687871855,0.8045136328489377,0.9811011700506375,0.4606289852992956,-1.1144463410392862,-1.0798947358264415,-1.216521916712451
2,-0.7690896141131317,2.2618548340047995,0.3572878687871855,0.7891422651304331,1.0182844038176941,0.5310807066567791,-0.8545128727643077,-0.8817059849072942,-1.1785017332731766
3,-0.6014207882875201,1.562129146518913,0.3572878687871855,0.7730733459243443,1.0547121080350377,0.6016016506984988,-0.8548248525421857,-0.8659264287592321,-1.139181870814021
4,0.9075986441429849,0.16267777154714128,0.3572878687871855,0.7563167745752933,1.0902620244810974,0.6720274163744157,-0.6988420674802555,-0.7581534961167085,-1.0991717563026144
5,0.5722609924917614,0.16267777154714128,0.3572878687871855,0.7388844771152642,1.1248117204137993,0.7421904957445503,-0.6986446239375977,-0.738952390680706,-1.0594546244805378
6,1.913611599096655,0.33760919341861273,0.3572878687871855,0.720790425147556,1.1582390445871713,0.8119207912578948,-0.5727758948735734,-0.6551936038434955,-1.0194065668868522
7,-0.2660831366362967,-0.3621164940672733,0.3572878687871855,0.702050654973774,1.1904226035332552,0.8810461585194167,-0.5720784897081551,-0.6335862772841406,-0.9797362197956605
8,2.5842869023991013,2.0869234121333275,0.3572878687871855,0.6826832863737929,1.2212422582708569,0.9493929743291765,-0.4607119238696348,-0.561195350127177,-0.939827806018919
9,-0.4337519624619084,2.611717677747742,-0.005123461302325558,0.6627085404481381,1.2505796408402439,1.01678672937328,-0.45950096777641897,-0.5376986522085847,-0.9002678340287368
10,-0.0984143108106851,-0.012253650324330416,-0.27693195886945887,0.6421487561721707,1.2783186892629461,1.0830526444516342,-0.3564655396610177,-0.47199984345249646,-0.8605035364367756
11,1.4106051216198194,-0.5370479159387448,0.9915076964438299,0.6210284055923152,1.304346199032137,1.1480163085089674,-0.35470524550267607,-0.4469336570738807,-0.8210472215842575
12,-0.7690896141131318,-0.3621164940672733,1.061976566183457,0.599374107742068,1.3285523890893653,1.2115043359655622,-0.2567976163480387,-0.3856715276645072,-0.7814030543702727
13,1.5782739474454315,0.33760919341861273,1.48478978462122,0.5772146412821615,1.3508314800448593,1.2733450399823176,-0.2544260300313168,-0.35925672796909114,-0.7420309292893115
14,-0.2660831366362967,3.8362376308480424,1.6961963938401015,0.5545809556399971,1.3710822817102584,1.3333691175207085,-0.15967171398761432,-0.3011702073807298,-0.7024819339250652
15,-0.7690896141131317,1.0373348809044987,1.7525714896318032,0.5315061801697746,1.3892087858838718,1.3914103415616754,-0.1565916672454879,-0.2735709215098434,-0.6631755654748593
16,0.5722609924917614,1.7370605683903844,1.7525714896318032,0.5080256306126365,1.4051207593089585,1.4473062556928227,-0.06359706398694502,-0.2178854839211775,-0.6237017290603568
17,1.913611599096655,0.6874720371615558,1.7525714896318032,0.4841768118273793,1.4187343313096905,1.5008988663952314,-0.05966039522101073,-0.18923057762832693,-0.5844469812095847
18,-0.6014207882875201,-0.5370479159387447,1.7525714896318032,0.4599994153548427,1.4299725707551476,1.5520353286476447,0.032688383970207145,-0.13543903946572033,-0.5450339949139873
19,-0.0984143108106852,-0.18718507219580174,1.7525714896318032,0.43553531001587387,1.4387660472172197,1.6005686208153425,0.037707252454746557,-0.10583428169325501,-0.5058213944686734
20,1.5782739474454315,4.710894740205401,1.7525714896318032,0.4108285235825337,1.4450533710009474,1.646358205133089,0.1304164337655174,-0.05358916794279795,-0.4664601280343335
21,-0.0984143108106851,-0.5370479159387447,1.4988835585691456,0.38592521354681614,1.448781706054433,1.6892706703894445,0.13686515799660368,-0.02312466114345165,-0.42728445004045806
22,-0.7690896141131317,-0.5370479159387449,1.4988835585691456,0.36087362498697406,1.4499072489565223,1.7291803536554569,0.2309589772378074,0.02781981212037056,-0.3879702040026168
23,3.757968683178383,8.734317443249244,1.7525714896318032,0.33572403348371577,1.448395666646227,1.7659699380537932,0.23938481455962413,0.05906485133479065,-0.3488299212988775
24,-0.0984143108106852,1.0373348809044984,1.8794154551631324,0.3105286710475666,1.4442224854179837,1.7995310236150464,0.3360275236312244,0.1088863793358385,-0.30956175320539875
25,-0.0984143108106852,0.16267777154714116,1.8794154551631324,0.2853416331852739,1.4373734240071425,1.8297646682298532,0.3473168274316491,0.14084045083152114,-0.27045854331963975
26,0.23692334084053823,2.7866490996192135,1.9639780988506845,0.26021876565791635,1.4278446645106244,1.8565818956391094,0.4479654145986546,0.18966926855254126,-0.23123873265632108
27,0.23692334084053823,1.3871977246474416,1.9639780988506845,0.23521753007827412,1.4156430562654785,1.879904167377222,0.46360568176208233,0.22226645289673175,-0.19217708612029005
28,-0.0984143108106851,-0.18718507219580174,1.9639780988506845,0.21039684795428548,1.4007862489966567,1.899663815620042,0.5702361220072093,0.2701986221932249,-0.15301073195294002
29,0.7399298183173731,2.7866490996192135,1.9639780988506845,0.18581692293049265,1.3833027521388546,1.9158044339731186,0.5928325828705568,0.30337711973208914,-0.11399765867178051
30,2.919624554050325,9.608974552606602,1.9639780988506845,0.16153904093886762,1.3632319174166816,1.9282812233400073,0.708304749204722,0.35048343662705506,-0.0748923873050042
31,0.5722609924917614,0.5125406152900845,1.9639780988506845,0.1376253480101979,1.3406238420153636,1.9370612901146524,0.7426495513504148,0.3841845635443699,-0.03593720565720855
32,-0.0984143108106851,-0.5370479159387447,1.9639780988506845,0.11413860586867111,1.3155391906021645,1.942123894035176,0.8712970797687628,0.43051675271047374,0.003097035339002902
33,-0.2660831366362969,3.136511943362157,1.9639780988506845,0.09114192623346995,1.288048936369854,1.943460643114856,0.9266556780590345,0.4646842702038266,0.04198284449517537
34,1.4106051216198199,1.3871977246474416,2.2176660299133424,0.06869848575403285,1.2582340235529546,1.9410756331322625,1.07506946989207,0.510279441102343,0.08093392835532631
35,0.4045921666661497,1.2122663027759704,2.278067918261594,0.046871224313596235,1.2261849555013076,1.9349855292280331,1.169856546294256,0.5448591138852035,0.11973682152612622
36,0.4045921666661497,-0.3621164940672733,2.278067918261594,0.02572252991812124,1.192001313126217,1.9252195872484337,1.346703906486683,0.5897430365742439,0.15859054206344741
37,-0.9367584399387433,3.4863747871050994,2.3233693345227833,0.005313913755988923,1.1557912088194915,1.9118196126357538,1.5145104323129637,0.6246823217951467,0.19729498576079724
38,-0.7690896141131317,2.261854834004799,2.3586037693925967,-0.014294320568591716,1.1176706811067108,1.8948398549209702,1.7225751868761037,0.6688718642355629,0.23603513494445852
39,-0.60142078828752,0.33760919341861273,2.3586037693925967,-0.033043409291645606,1.0777630354191374,1.8743468362223599,1.9960586573927783,0.704119676377942,0.2746236683575336
40,0.5722609924917614,0.6874720371615554,2.3867913172884476,-0.05087645788292968,1.036198136639533,1.8504191125732299,2.204595792961474,0.7476246470231103,0.31323210836004145
41,0.23692334084053823,3.4863747871050994,2.6404792483511055,-0.06773876355655754,0.9931116595997305,1.8231469673764522,2.535529167457244,0.78313118263575,0.3516854096504193
42,-0.9367584399387433,1.911991990261856,2.6404792483511055,-0.08357812732376962,0.9486443042957374,1.792632036813557,2.6893056260526134,0.8259557538228076,0.39014215188289975
43,-0.7690896141131317,-0.7119793378102163,2.6404792483511055,-0.09834515230961242,0.9029409831078563,1.7589868676404385,2.9729348162226934,0.8616723672931759,0.4284391182112108
44,-0.4337519624619084,0.16267777154714128,2.6404792483511055,-0.11199352517915775,0.8561499878988408,1.7223344085078767,3.069444224237375,0.9038161930149731,0.46672241840137363
45,-0.9367584399387433,-0.5370479159387448,2.3867913172884476,-0.12448027767553213,0.8084221454975593,1.682807436764927,-3.0048117583458827,0.9396953041051433,0.5048402662941881
46,-0.7690896141131317,-0.0122536503243303,2.1331033862257898,-0.13576602563389023,0.7599099703803882,1.6405479236115845,-2.9396817107633626,0.9811543944672811,0.5429267400576073
47,-0.9367584399387433,-0.5370479159387448,2.1331033862257898,-0.14581518338783026,0.710766823029753,1.5957063414047066,-2.786089733011913,1.017149393948572,0.5808411269695714
48,0.5722609924917614,0.6874720371615556,1.879415455163132,-0.15459615212908512,0.6611460815879285,1.5484409178149738,-2.7354556265890806,1.0579167724739067,0.6187058834560017
49,1.0752674699685965,-0.36211649406727325,1.879415455163132,-0.1620814814299941,0.6112003333574648,1.4989168423244579,-2.6175043205439916,1.0939818919192175,0.6563910445579794
50,-0.9367584399387433,0.5125406152900841,1.6257275241004743,-0.16824800365378684,0.5610805916726649,1.4473054312230944,-2.5735014242330796,1.1340480594866937,0.6940078299913733
51,-0.2660831366362968,-0.18718507219580174,1.6257275241004743,-0.17307694118218314,0.5109355427924754,1.393783257818536,-2.4785808078978144,1.1701381984397041,0.7314367205255494
52,-0.4337519624619084,0.33760919341861273,1.3720395930378166,-0.17655398626437538,0.4609108267618297,1.3385312550343647,-2.4376771296783932,1.2094914457368704,0.7687780618232203
53,-0.9367584399387433,1.0373348809044984,1.1183516619751588,-0.17866935307104234,0.41114835561856317,1.2817337979444332,-2.3582017957071404,1.2455619745573954,0.8059224952407289
54,-0.60142078828752,0.5125406152900843,1.1183516619751588,-0.1794178014927311,0.3617856718670839,1.2235777740730023,-2.31876739606058,1.2841885919715859,0.8429598341761301
55,-0.7690896141131317,-0.5370479159387448,0.8646637309125011,-0.17879863243400715,0.3129553498410457,1.1642516494681423,-2.250085031624034,1.3201951557074025,0.8797906061736571
56,-0.4337519624619084,-0.7119793378102163,0.6109757998498435,-0.17681565475602154,0.2647844424661388,1.1039445386150748,-2.2113460352055903,1.3580795837207933,0.9164944136149037
57,-0.0984143108106851,-0.18718507219580174,0.3572878687871855,-0.17347712452388536,0.21739397589962212,1.042845286190785,-2.1504935002311765,1.3939779274583628,0.9529814005433375
58,-0.2660831366362968,-0.5370479159387448,0.1035999377245278,-0.16879565773333793,0.1708984943386788,0.9811415684651877,-2.1120795172603124,1.4311028759644304,0.9893212582230007
59,0.23692334084053823,0.33760919341861273,0.1035999377245278,-0.1627881181253906,0.12540565682778937,0.9190190218067747,-2.057094363640519,1.4668486972808314,1.0254334762442596
60,-0.9367584399387433,-0.0122536503243303,0.1035999377245278,-0.15547548197785913,0.08101588725643467,0.8566604052301542,-2.018833476679944,1.5031952431035407,1.0613781117394483
61,-0.7690896141131317,-0.36211649406727325,0.1035999377245278,-0.14688268189479,0.03782207813363224,0.794244803238803,-1.9683687448229161,1.5387440660969365,1.097083722154983
62,0.4045921666661497,-0.36211649406727325,0.1035999377245278,-0.13703843169491908,-0.004090651709384182,0.7319468744229909,-1.9301898075739654,1.5742917338201434,1.1326009831864936
63,-0.4337519624619084,-0.3621164940672732,-0.1500879933381299,-0.12597503465065568,-0.04464514561653703,0.6699361504450154,-1.8832914549826612,1.6095988057605461,1.1678672315756151
64,2.41661807657349,-0.7119793378102163,-0.1500879933381299,-0.11372817756194259,-0.08377234416841597,0.6083763892354737,-1.8451753526457775,1.6443256444225052,1.2029239894358352
65,-0.9367584399387433,-0.3621164940672732,-0.1500879933381299,-0.10033671330201285,-0.12141136746516114,0.5474249854441213,-1.8011488681953631,1.6793458616586965,1.2377170703800728
66,-0.4337519624619084,-0.3621164940672732,-0.4037759244007879,-0.08584243433773131,-0.15750954566313885,0.487232440413825,-1.7631032746273885,1.7132285277194812,1.2722790455018165
67,-0.2660831366362968,-0.5370479159387448,-0.4037759244007879,-0.07028983929131012,-0.19202239922185352,0.42794189315401654,-1.721430882107558,1.7479163923213672,1.306563886102978
68,0.5722609924917614,-0.18718507219580174,-0.4037759244007879,-0.05372589412703999,-0.22491357073766333,0.3696887129738586,-1.6834768268555065,1.7809302429236142,1.340595388601738
69,0.06925451501492652,-0.18718507219580174,-0.1500879933381299,-0.03619978929368894,-0.25615471060894607,0.31260015359545834,-1.6437644096695312,1.8152398493365922,1.37433534326042
70,0.23692334084053823,-0.5370479159387448,-0.1500879933381299,-0.01776269412871154,-0.28572531906492143,0.25679506771730515,-1.605928997065313,1.8473590511132771,1.4077989213200834
71,-0.09841431081068498,-0.7119793378102163,0.1035999377245278,0.0015324901849352913,-0.313612547290816,0.20238368018261726,-1.567871051611403,1.8812441070608625,1.4409553722056145
72,-0.7690896141131318,-0.18718507219580174,0.1035999377245278,0.021631377950874803,-0.3398109605183636,0.1494674171953199,-1.5301834646334165,1.9124417709072015,1.4738113657478953
73,0.4045921666661497,-0.36211649406727325,0.1035999377245278,0.04247834559047171,-0.36432226607585916,0.098138788475735,-1.493539322613037,1.9458556611275688,1.506343230608803
74,0.7399298183173731,-0.5370479159387448,0.1035999377245278,0.06401677664994995,-0.38715500953964266,0.04848131888029929,-1.4560286171043038,1.9761040145126842,1.538549236777177
75,0.23692334084053823,-0.5370479159387448,-0.1500879933381299,0.08618930420315393,-0.40832424227217495,0.0005695258079031172,-1.4206059063446288,2.008999914859672,1.5704123952258977
76,-0.6014207882875201,-0.18718507219580174,-0.1500879933381299,0.10893804961635065,-0.4278511637326532,-0.04553106136672681,-1.3832997859273437,2.0382705205795877,1.6019226604674046
77,-0.0984143108106851,-0.5370479159387448,0.1035999377245278,0.13220485671415116,-0.4457627420107923,-0.0897638436155995,-1.3489426508938578,2.070601568164193,1.6330693158735539
78,-0.4337519624619084,-0.36211649406727325,0.1035999377245278,0.15593152052062503,-0.4620913160821511,-0.13208106013143076,-1.3118667744580725,2.0988655976587545,1.6638340732542518
79,0.06925451501492652,-0.5370479159387448,0.1035999377245278,0.18006000975544853,-0.4768741833062392,-0.17244366555293827,-1.2784472944022736,2.1305851230217736,1.6942120703626604
80,-0.2660831366362968,-0.36211649406727325,0.1035999377245278,0.2045326820461308,-0.4901531756778496,-0.2108211802950459,-1.2416248590948782,2.1578136926376272,1.7241768449057089
81,1.0752674699685965,-0.7119793378102163,0.1035999377245278,0.2292924904522243,-0.5019742283137251,-0.24719151759653607,-1.2090366453904051,2.188875520192833,1.7537289705909291
82,0.5722609924917614,0.16267777154714128,0.1035999377245278,0.25428317953435875,-0.512386943629881,-0.2815407906574785,-1.1724880898592738,2.2150400988258774,1.782833886875303
83,0.7399298183173729,-0.36211649406727325,0.1035999377245278,0.27944946897612133,-0.521444154634574,-0.3138631029245056,-1.140641394771627,2.2453989220608728,1.8114971966784927
84,-0.4337519624619084,-0.0122536503243303,-0.1500879933381299,0.30473722277239484,-0.5292014906912305,-0.34416032421775616,-1.1043841526563984,2.2704718194011178,1.8396763407414256
85,2.751955728224713,-0.3621164940672732,-0.1500879933381299,0.33009360222331624,-0.5357169489434249,-0.37244185499658977,-1.073202072776131,2.3000836599865453,1.867381573129543
86,-0.0984143108106851,-0.3621164940672732,0.1035999377245278,0.3554672013149047,-0.5410504743214324,-0.39872438065607835,-1.0372503730905227,2.3240386100934827,1.894562481225288
87,0.9075986441429849,-0.3621164940672732,0.1035999377245278,0.38080816347049573,-0.5452635507091705,-0.4230316173580124,-1.0066658908384643,2.3528613783135124,1.921233643656436
88,1.4106051216198199,-0.5370479159387448,-0.1500879933381299,0.40606827916463817,-0.5484188055130881,-0.44539405052547026,-0.9710306269783804,2.3756742416929,1.9473370149711826
89,-0.0984143108106852,-0.18718507219580174,-0.4037759244007879,0.4312010645015504,-0.5505796295903708,-0.46584866673391945,-0.9409843182059101,2.4036684210932044,1.972891253635109
90,-0.4337519624619084,-0.36211649406727325,-0.4037759244007879,0.45616182146368234,-0.5518098142700723,-0.4844386793001432,-0.9056730030926188,2.4253180279267985,1.9978310157059014
91,1.242936295794208,-0.18718507219580174,-0.4037759244007879,0.4809076810066439,-0.5521732070100003,-0.501213247451123,-0.8761112783197404,2.452447501428842,2.0221789161050516
92,-0.2660831366362967,-0.5370479159387447,-0.6574638554634457,0.5053976304215708,-0.551733387033335,-0.5162271886204967,-0.8411280804728883,2.47291664969658,2.0458628092189297
93,-0.4337519624619084,0.16267777154714128,-0.9111517865261034,0.5295925263746863,-0.5505533620559715,-0.5295406832019888,-0.8120018344290428,2.4991496767660615,2.068909312474436
94,1.0752674699685965,-0.5370479159387448,-0.9111517865261034,0.5534550948359612,-0.5486952869494905,-0.5412189709805675,-0.7773476578697825,2.5184262937136177,2.091240195814281
95,0.7399298183173731,-0.5370479159387448,-0.9111517865261034,0.5769499188142542,-0.5462202048954706,-0.5513320384661228,-0.748611203198183,2.543736646613767,2.112886350622751
96,0.9075986441429846,0.16267777154714128,-0.9111517865261034,0.6000434144846878,-0.5431878112837569,-0.5599542964895144,-0.7142837615052005,2.5618151208790945,2.1337644666452835
97,0.9075986441429846,-0.5370479159387448,-0.9111517865261034,0.6227037960347588,-0.5396562403099585,-0.5671642476800389,-0.6858939448448634,2.586183386673658,2.1539102686354337
98,-0.2660831366362968,-0.5370479159387447,-0.9111517865261034,0.6449010294935031,-0.5356818739509396,-0.5730441437814734,-0.6518877962840576,2.603066072490945,2.173236730428071
99,-0.60142078828752,-0.5370479159387448,-0.6574638554634457,0.6666067759165921,-0.531319172734552,-0.5776796331290007,-0.62380323453557,2.626481118110154,2.1917853231078004
100,1.5782739474454315,-0.7119793378102163,-0.6574638554634457,0.6877943243789988,-0.5266205274809735,-0.5811593989659549,-0.5901097722713632,2.642179996346225,2.2094671027567556
101,1.0752674699685965,-0.5370479159387448,-0.6574638554634457,0.708438515081139,-0.5216361310266089,-0.5835747895983872,-0.5622901771385972,2.6646405728014377,2.2263306134050924
102,0.06925451501492652,-0.5370479159387448,-0.6574638554634457,0.7285156525256343,-0.516413868882001,-0.5850194416366684,-0.5288975755097574,2.679179023082827,2.242287286822102
103,1.7459427732710429,-0.36211649406727325,-0.4037759244007879,0.7480034084069898,-0.5109992278011498,-0.5855888977416989,-0.5013031376072429,2.7006954486899546,2.2573945167951095
104,-0.7690896141131316,-0.7119793378102163,-0.4037759244007879,0.7668807137582674,-0.5054352212978614,-0.585380220387701,-0.46819625000451287,2.714110041723701,2.2715669236876725
105,1.2429362957942085,-0.18718507219580174,-0.4037759244007879,0.7851276399528111,-0.4997623311895797,-0.5844916031839618,-0.440787063946967,2.7347058588181206,2.2848729607734737
106,2.5842869023991013,-0.5370479159387448,-0.4037759244007879,0.8027252681887438,-0.4940184642619747,-0.5830219812565752,-0.4079472848995715,2.74704803367954,2.2972337187712437
107,3.5902998573527714,-0.18718507219580174,-0.4037759244007879,0.8196555470545499,-0.48823892313012013,-0.5810706420715324,-0.38068282462117375,2.7667614986038385,2.3087312409333203
108,0.23692334084053845,-0.5370479159387447,-0.4037759244007879,0.8359011379081721,-0.48245639032378174,-0.5787368378996701,-0.34808795113237134,2.778098962719328,2.3192966676632327
109,0.5722609924917614,-0.7119793378102163,-0.6574638554634457,0.8514452484126799,-0.47670092454152974,-0.5761194009144975,-0.32092662941032873,2.7969842115651353,2.329028232418759
110,0.06925451501492652,-0.7119793378102163,-0.6574638554634457,0.8662714556507466,-0.4709999679207534,-0.5733163617059361,-0.28855078285383806,2.8074018901358486,2.3378706678623615
111,3.5902998573527714,-0.7119793378102163,-0.4037759244007879,0.8803635213202023,-0.4653783631118011,-0.5704245718155114,-0.26144966435575034,2.8255296170144435,2.3459406480727942
112,3.254962205701548,-0.7119793378102163,-0.4037759244007879,0.8937052021666154,-0.4598583789809582,-0.5675393307760002,-0.2292633637449286,2.835129976423878,2.3531994920214454
113,-0.7690896141131316,-0.5370479159387448,-0.6574638554634457,0.9062800591880449,-0.45445974391386645,-0.5647540180658223,-0.20217811310005532,2.8525874581877386,2.359783641942455
114,0.7399298183173729,-0.5370479159387448,-0.6574638554634457,0.9180712697521212,-0.4491996859120255,-0.5621597303274803,-0.17014857602553296,2.8614900280152886,2.365672806962097
115,2.0812804249222663,-0.7119793378102163,-0.6574638554634457,0.9290614477165444,-0.4440929789135469,-0.5598449241261444,-0.1430336955241191,2.8783803313729273,2.3710229665790568
116,-0.2660831366362969,-0.7119793378102163,-0.6574638554634457,0.9392324775123602,-0.4391519949852675,-0.5578950644631041,-0.11112541875919878,2.8867202692543383,2.3758321953206507
117,-0.4337519624619084,-0.3621164940672732,-0.6574638554634457,0.9485653685620894,-0.43438676222278255,-0.55639227924744,-0.08393481493750275,2.903160512588122,2.380273696559007
118,-0.6014207882875201,0.5125406152900843,-0.6574638554634457,0.9570401364011368,-0.42980502837435375,-0.5554150199731595,-0.052110465959515996,2.9110861260898897,2.3843616271401
119,0.5722609924917614,0.16267777154714128,-0.6574638554634457,0.9646357165544148,-0.42541233035045606,-0.5550377289249372,-0.024798346074607833,2.9272047582623353,2.3882818243382085
120,-0.2660831366362968,-0.7119793378102163,-0.6574638554634457,0.9713299165259166,-0.42121206979394804,-0.5553305133222943,0.0069800607683049905,2.93487402080423,2.392059980032694
121,-0.0984143108106851,-0.5370479159387447,-0.9111517865261034,0.9770994102067804,-0.4172055946795767,-0.5563588269025161,0.034458026214740416,2.9508072161691263,2.3958880105222566
122,-0.4337519624619084,-0.36211649406727325,-0.9111517865261034,0.981919777810679,-0.4133922865511586,-0.5581831595428116,0.06622775704059515,2.9583834783729026,2.3997968676663723
123,-0.4337519624619084,-0.5370479159387448,-0.9111517865261034,0.9857655932648812,-0.40976965268697285,-0.5608587356533902,0.09391312006366725,2.974270912735382,2.4039768663472016
124,1.0752674699685965,-0.7119793378102163,-0.9111517865261034,0.9886105597982064,-0.406333422344946,-0.56443522226516,0.12570927567622422,2.9819181705070723,2.4084572199101877
125,0.9075986441429846,-0.3621164940672732,-0.9111517865261034,0.9904276932273568,-0.4030776462570296,-0.5689564480031392,0.15363947524032798,2.997898559009196,2.413419014714215
126,-0.7690896141131318,-0.7119793378102163,-0.6574638554634457,0.9911895512450797,-0.3999947986358515,-0.574460134462146,0.1854935957881368,3.0057767022746695,2.4188832048786657
127,0.23692334084053823,-0.012253650324330184,-0.6574638554634457,0.9908685060173792,-0.39707588108457686,-0.5809776418456699,0.21370071866611184,3.0219834863684794,2.4250152543457157
128,1.913611599096655,-0.3621164940672732,-0.4037759244007879,0.9894370566138069,-0.39431052793935106,-0.5885337310462001,0.24563954143212938,3.0302439156460435,2.4318228574848595
129,0.5722609924917614,-0.7119793378102163,-0.4037759244007879,0.9868681770812604,-0.3916871126802947,-0.597146344588727,0.27414926743078205,3.0468014286550646,2.4394515376366903
130,-0.60142078828752,-0.36211649406727325,-0.4037759244007879,0.9831356952855024,-0.38919285508839,-0.6068264089892651,0.30619370528029854,3.0555833500458895,2.4478928530966706
131,0.23692334084053823,-0.7119793378102163,-0.4037759244007879,0.9782146970954029,-0.3868139288242008,-0.6175776610806635,0.3350244880383337,3.072603712737931,2.4572704579545936
132,-0.7690896141131317,-0.36211649406727325,-0.4037759244007879,0.9720819500435802,-0.3845355691263942,-0.6293965007428354,0.36718886406338314,3.082031329521157,2.4675590943505044
133,-0.9367584399387433,-0.18718507219580174,-0.4037759244007879,0.9647163400039478,-0.38234218041406237,-0.6422718722798868,0.3963513727699956,3.0996122349550688,2.478860806329643
134,1.242936295794208,-0.012253650324330184,-0.4037759244007879,0.9560993134740395,-0.38021744369957766,-0.6561851764495622,0.42864292966775613,3.109792942927562,2.4911346716584197
135,4.428643986480829,-0.36211649406727325,-0.4037759244007879,0.9462153167984626,-0.3781444238063833,-0.6711102148927548,0.4581397723695743,3.1280163790650803,2.5044630235057608
136,2.5842869023991013,-0.7119793378102163,-0.4037759244007879,0.9350522224677537,-0.37610567637676623,-0.687013168439029,0.4905584863326082,3.139039954699498,2.518791660752776
137,2.751955728224713,-0.36211649406727325,-0.6574638554634457,0.9226017320423924,-0.3740833545527109,-0.7038526104792057,0.520384257481903,-3.1252134910996245,2.534186073068888
138,1.0752674699685965,-0.18718507219580174,-0.6574638554634457,0.9088597457415521,-0.3720593151005282,-0.7215795563045906,0.5529230034990442,-3.1132748017213197,2.5505817736506073
139,3.422631031527159,-0.18718507219580174,-0.9111517865261034,0.8938266902005456,-0.37001522370773154,-0.7401375490362347,0.5830646902814195,-3.093584316783677,2.5680306305154375
140,2.248949250747878,-0.5370479159387448,-0.9111517865261034,0.8775077977571474,-0.36793265919800905,-0.7594627825439181,0.6157097602856892,-3.080674946376531,2.58646095690799
141,0.7399298183173731,-0.3621164940672732,-0.9111517865261034,0.8599133323928504,-0.3657932164131645,-0.77948426161951,0.6461474649111302,-3.060190295805356,2.605914117673959
142,1.5782739474454315,-0.18718507219580174,-0.9111517865261034,0.8410587590438696,-0.3635786074679195,-0.8001239996373227,0.678879354507679,-3.0462699162237947,2.6263140555520685
143,0.9075986441429849,-0.18718507219580174,-0.9111517865261034,0.8209648544364948,-0.36127076102918243,-0.8212972539888008,0.7095872214773961,-3.0249686992094125,2.6476943669184854
144,2.5842869023991013,-0.36211649406727325,-0.9111517865261034,0.7996577587881054,-0.3588519192307381,-0.8429127996823832,0.7423815653949309,-3.0100103759555425,2.669977009943831
145,-0.4337519624619084,-0.5370479159387448,-0.6574638554634457,0.7771689685750036,-0.35630473178472866,-0.8648732416114622,0.7733287985351086,-2.987881503672613,2.6931900363637706
146,2.7519557282247127,-0.5370479159387448,-0.4037759244007879,0.7535352712196953,-0.35361234677777864,-0.8870753660816894,0.8061573537589842,-2.971869606844786,2.7172553018423304
147,1.5782739474454315,-0.5370479159387448,-0.4037759244007879,0.7287986231566396,-0.35075849758073485,-0.9094105322156388,0.8373092415333733,-2.9489112960313335,2.7421970101332014
148,0.5722609924917614,-0.7119793378102163,-0.4037759244007879,0.7030059733646404,-0.34772758531493825,-0.9317651037639767,0.8701408581027291,-2.9318393010968338,2.7679383161228404
149,-0.60142078828752,-0.7119793378102163,-0.4037759244007879,0.6762090351311235,-0.34450475642899975,-0.9540209216014882,0.9014597665035547,-2.9080570034575732,2.7945007964110156
150,2.7519557282247127,0.16267777154714128,-0.4037759244007879,0.6484640095014598,-0.3410759751340406,-0.9760558167733128,0.9342613192211267,-2.889925295573087,2.8218098957764903
151,1.242936295794208,-0.5370479159387448,-0.4037759244007879,0.6198312644117965,-0.3374280906847506,-0.9977441634273327,0.9657076346299747,-2.865329669101158,2.8498853923202008
152,1.7459427732710429,-0.7119793378102163,-0.4037759244007879,0.5903749738498475,-0.3335488997152531,-1.0189574703753408,0.9984449032920676,-2.8461434622348647,2.878655685785831
153,-0.6014207882875199,0.33760919341861273,-0.4037759244007879,0.5601627217563734,-0.32942720398176484,-1.0395650093980158,1.0299779181381126,-2.8207484891419434,2.908139282320142
154,1.4106051216198199,-0.012253650324330184,-0.6574638554634457,0.529265075983499,-0.32505286392335087,-1.0594344777569593,1.0626164138296323,-2.8005159574750857,2.93826795814869
155,-0.2660831366362967,-0.3621164940672732,-0.9111517865261034,0.49775513833397467,-0.32041684845056234,-1.078432691711313,1.094195156080063,-2.77433728584496,2.9690592534480755
156,-0.2660831366362967,-0.18718507219580174,-0.9111517865261034,0.4657080772116683,-0.3155112812915632,-1.0964263071868525,1.126700891955921,-2.753067959997267,3.0004485682368225
157,1.0752674699685965,-0.5370479159387447,-1.1648397175887613,0.4332006495836202,-0.3103294840516856,-1.1132825631662004,1.1582848897549747,-2.7261214925166173,3.032452629039298
158,-0.60142078828752,0.16267777154714128,-1.1648397175887613,0.40031071885589475,-0.30486601593958285,-1.1288700429143268,1.1906250788970945,-2.7038249133820713,3.065010586169779
159,-0.2660831366362967,-0.5370479159387447,-1.1648397175887613,0.3671167750148236,-0.2991167099667943,-1.1430594478466476,1.2221750389395454,-2.6761256091418875,3.0981384014518123
160,-0.0984143108106851,-0.3621164940672732,-1.4185276486514191,0.33369746306289966,-0.29307870534844344,-1.155724378674684,1.254318698680873,-2.652810181495694,3.131779018538111
161,-0.6014207882875201,-0.18718507219580174,-1.4185276486514191,0.3001311253930002,-0.2867504757812995,-1.1667421183981248,1.2857970822332656,-2.624371001846841,-3.1172376919468756
162,-0.7690896141131317,-0.7119793378102163,-1.4185276486514191,0.26649536324705714,-0.28013185323977885,-1.175994411730673,1.3177155330809447,-2.6000429728247916,-3.082594394696899
163,0.23692334084053823,-0.7119793378102163,-1.1648397175887613,0.23286662177368045,-0.2732240469358522,-1.1833682356419517,1.3490870212013422,-2.5708739004252155,-3.047462066909244
164,-0.2660831366362967,-0.5370479159387448,-1.1648397175887613,0.19931980247069248,-0.26602965716423105,-1.1887565558553475,1.3807542742063341,-2.5455363955252124,-3.011890269957485
165,0.06925451501492652,-0.012253650324330184,-1.1648397175887613,0.16592790604911298,-0.2585526839218268,-1.1920590643189835,1.411986119247056,-2.5156434689530247,-2.9758656136913983
166,-0.0984143108106851,-0.3621164940672732,-1.1648397175887613,0.1327617080882995,-0.2507985304438379,-1.19318289280359,1.4433791529812727,-2.489295539437107,-2.93943403477837
167,-0.60142078828752,-0.0122536503243303,-1.1648397175887613,0.09988946934287342,-0.2427740020673427,-1.1920432978418003,1.4744414222687736,-2.4586798754278716,-2.902583190861009
168,-0.9367584399387433,0.8624034590330272,-1.1648397175887613,0.06737668218607543,-0.23448730101319995,-1.1885643122181602,1.5055403581245888,-2.4313155487307925,-2.8653555120190712
169,-0.4337519624619084,-0.18718507219580174,-1.418527648651419,0.03528585431764028,-0.22594801769854453,-1.1826793581808162,1.5364060779315871,-2.3999723595080695,-2.827739816711752
170,-0.7690896141131317,-0.7119793378102163,-1.418527648651419,0.0036763304018429437,-0.21716711903063868,-1.174331817506396,1.5671942566074624,-2.3715797064428603,-2.7897751640297486
171,-0.2660831366362967,-0.5370479159387447,-1.1648397175887613,-0.02739584831931477,-0.20815693382252579,-1.1634755535399068,1.5978394513021936,-2.339497314345313,-2.751451641517839
172,-0.60142078828752,-0.18718507219580174,-1.418527648651419,-0.05787804711430494,-0.1989311351539194,-1.1500753803792974,1.6283033975139705,-2.310057511621579,-2.712805083735522
173,-0.7690896141131317,0.16267777154714128,-1.418527648651419,-0.08772110494107777,-0.18950471935833146,-1.1341074744834092,1.6587070066223644,-2.277216302830693,-2.673826942775354
174,-0.7690896141131317,0.6874720371615556,-1.6722155797140767,-0.11687936774747971,-0.17989398138153997,-1.115559724132092,1.6888362652986637,-2.2467026041153684,-2.6345499809489143
175,0.5722609924917614,-0.7119793378102163,-1.6722155797140767,-0.1453106905082437,-0.17011648636069235,-1.094432012353393,1.7189799261282226,-2.213073813842972,-2.5949670913114584
176,-0.2660831366362968,0.16267777154714128,-1.6722155797140767,-0.1729764111668346,-0.16019103723233497,-1.0707364291883747,1.7487667643222455,-2.1814503250569737,-2.5551081182012174
177,0.4045921666661497,-0.18718507219580174,-1.9259035107767344,-0.199841300115009,-0.15013763797206367,-1.0444974095314667,1.7786344616934948,-2.1469945499715353,-2.514967448061018
178,0.4045921666661497,-0.5370479159387448,-1.9259035107767344,-0.22587348909466046,-0.1399774518304927,-1.0157517932792492,1.8080734463455048,-2.1142147072719566,-2.474572160793728
179,-0.4337519624619084,-0.5370479159387448,-1.9259035107767344,-0.2510443833767761,-0.12973275378673024,-0.9845488051384164,1.837651049035142,-2.0788800145302924,-2.4339181614447245
180,-0.2660831366362968,-0.7119793378102163,-1.9259035107767344,-0.27532856081473667,-0.119426876432417,-0.9509499521806065,1.8667385296449959,-2.0448846096744777,-2.393029917362042
181,-0.7690896141131317,0.33760919341861273,-1.9259035107767344,-0.29870366101836654,-0.10908414863204988,-0.9150288380829599,1.8960132486820334,-2.0086040404817327,-2.351904849268172
182,1.7459427732710429,0.16267777154714128,-1.6722155797140767,-0.321150267597301,-0.09872982656531565,-0.8768708939373596,1.924746781104041,-1.9733185774942257,-2.3105649634161987
183,-0.4337519624619084,-0.012253650324330184,-1.418527648651419,-0.3426517862347187,-0.08839001705333341,-0.8365730265105659,1.9537065819890114,-1.936006796208596,-2.2690091666475167
184,0.4045921666661497,-0.5370479159387448,-1.1648397175887613,-0.3631943211598771,-0.078091593257553,-0.7942431858419854,1.9820843196734546,-1.8993379405847324,-2.227257158502288
185,-0.4337519624619084,-0.18718507219580174,-1.1648397175887613,-0.38276655220973715,-0.06786210285728204,-0.7499998550103755,2.0107173107108007,-1.8608867574002448,-2.1853092792684063
186,-0.4337519624619084,0.5125406152900843,-1.1648397175887613,-0.40135961409211846,-0.0577296687529516,-0.7039714657189067,2.0387373851780795,-1.8227176116201163,-2.1431830835681933
187,-0.9367584399387433,-0.0122536503243303,-1.1648397175887613,-0.4189669788713799,-0.04772288233170691,-0.6562957440114269,2.067031203898882,-1.7829900345168475,-2.100880273292655
188,-0.2660831366362968,0.16267777154714128,-1.1648397175887613,-0.43558434228665394,-0.03787068936741571,-0.6071189909743395,2.094691113406293,-1.7431738689567187,-2.058416430936666
189,0.06925451501492652,-0.3621164940672732,-0.9111517865261034,-0.4512095143453994,-0.028202268608336165,-0.5565953037670492,2.122632320482397,-1.701996181968844,-2.0157945313307146
190,-0.4337519624619084,-0.5370479159387447,-0.9111517865261034,-0.4658423146438929,-0.018746902996924195,-0.5048857428139015,2.1499283232174258,-1.6603480828216315,-1.9730283700820075
191,-0.7690896141131317,-0.5370479159387447,-0.6574638554634454,-0.4794844729055848,-0.009533843361722258,-0.45215745149141395,2.1775017876762313,-1.617499234147503,-1.930122090354943
192,-0.4337519624619084,-0.5370479159387447,-0.40377592440078774,-0.4921395351834246,-0.0005921644550380448,-0.39858273512738296,2.2044282768334362,-1.5737849071636132,-1.887087899239137
193,-0.0984143108106851,-0.7119793378102163,-0.15008799333813005,-0.5038127760603209,0.008049386548625019,-0.3443381065497976,2.231616528896619,-1.528982191679121,-1.8439309889979187
194,-0.9367584399387433,0.16267777154714116,-0.15008799333813005,-0.5145111170935605,0.016362548551034972,-0.2896033057398459,2.2581653693564814,-1.4829028607567212,-1.8006621912233092
195,-0.0984143108106851,-0.18718507219580174,-0.15008799333813005,-0.5242430517106768,0.02431971095144435,-0.23456030131860106,2.2849479030159348,-1.435782525721775,-1.7572876159620558
196,-0.0984143108106851,-0.18718507219580174,0.10359993772452766,-0.5330185767292971,0.03189408238757985,-0.17939228162230067,2.311107713617495,-1.386954585044105,-1.7138169491948843
197,-0.9367584399387433,-0.012253650324330184,0.3572878687871855,-0.5408491306046779,0.03905986176372134,-0.1242826430267574,2.3374602226888728,-1.337045708372964,-1.6702570782734092
198,-0.2660831366362968,0.16267777154714128,0.3572878687871855,-0.547747538396921,0.045792409237619514,-0.0694139830072746,2.3632155895248834,-1.2849736783594132,-1.6266167920286154
199,-0.4337519624619084,1.0373348809044987,0.3572878687871855,-0.5537279633049821,0.05206841464907902,-0.014967105174480095,2.389109123624349,-1.2316636538852093,-1.582903607763626
200,-0.60142078828752,0.6874720371615556,0.3572878687871855,-0.5588058644737354,0.05786606078287748,0.03887995680643801,2.414439733359785,-1.175705330207308,-1.539125684910468
201,-0.7690896141131317,0.33760919341861273,0.3572878687871855,-0.5629979606749594,0.0631651789348748,0.09195288991682142,2.4398397622283983,-1.1181960430557205,-1.4952910180754917
202,-0.7690896141131317,-0.5370479159387447,0.3572878687871855,-0.5663221993912719,0.06794739455878425,0.14408202105241333,2.464719443319796,-1.0575203182044666,-1.4514074239119668
203,0.06925451501492652,-0.3621164940672732,0.3572878687871855,-0.5687977307969732,0.07219626124248835,0.19510319922667108,2.489584813117691,-0.9947770022646181,-1.407483216875148
204,-0.9367584399387433,0.33760919341861273,0.6109757998498434,-0.5704448861440014,0.07589738167954757,0.24485863545208025,2.513980465799982,-0.9283196739678313,-1.363526174414128
205,-0.7690896141131317,-0.012253650324330184,0.6109757998498434,-0.5712851600953749,0.07903851446736822,0.2931976953673841,2.5382622232254675,-0.8590227256714092,-1.3195447681655532
206,-0.7690896141131317,0.5125406152900843,0.8646637309125011,-0.5713411965558531,0.0816096654811988,0.339977639978359,2.562132612738001,-0.7854579402246751,-1.2755470544337466
207,-0.4337519624619084,1.911991990261856,0.8646637309125011,-0.5706367775490809,0.08360316242807914,0.38506431019334386,2.585772669013026,-0.7079882229716408,-1.2315414943567338
208,-0.0984143108106851,-0.3621164940672732,0.8646637309125011,-0.569196814742398,0.08501371118734594,0.42833275120074843,2.609067056250299,-0.6257608672576607,-1.1875367541992703
209,-0.4337519624619084,-0.5370479159387447,1.1183516619751588,-0.567047343312659,0.08583843281257501,0.4696677731721793,2.6319966655109046,-0.5382916953312891,-1.143541113952378
210,-0.2660831366362967,1.562129146518913,1.1183516619751588,-0.5642155178799318,0.0860768805623036,0.5089644452756924,2.654653254689431,-0.44580721929224126,-1.099564194144205
211,-0.7690896141131317,1.2122663027759701,1.1183516619751588,-0.5607296101357568,0.08573103684957736,0.5461285205355509,2.676791291942205,-0.3466445258074927,-1.0556139237697157
212,0.23692334084053823,-0.5370479159387448,1.1183516619751588,-0.5566190075841447,0.08480529041894004,0.5810767896720783,2.69873549451999,-0.24277206611983132,-1.0117012362926796
213,-0.9367584399387433,0.16267777154714128,1.1183516619751588,-0.5519142125769648,0.0833063944680984,0.61373736269221,2.7199865488585067,-0.13112610145628895,-0.9678335454692207
214,-0.7690896141131317,0.16267777154714128,1.1183516619751588,-0.5466468406100171,0.08124340693562745,0.6440498776574426,2.741129100708146,-0.016130525002574676,-0.9240234722836711
215,-0.2660831366362967,-0.7119793378102163,1.1183516619751588,-0.5408496166641791,0.07862761464665209,0.6719656367016652,2.7613814402843047,0.10668281478820996,-0.8802777618091706
216,-0.9367584399387433,-0.18718507219580174,1.1183516619751588,-0.5345563682550012,0.07547244324622121,0.6974476699874063,2.781616448317793,0.23005075619626483,-0.8366111142643066
217,-0.9367584399387433,0.8624034590330272,0.8646637309125011,-0.527802013827908,0.07179335482478715,0.7204707288690938,2.8007399541202957,0.3596471256234288,-0.7930294683135698
218,-0.4337519624619084,-0.7119793378102163,0.8646637309125011,-0.5206225452010246,0.0676077349535019,0.7410212100698318,2.8199429907035265,0.48590552544078086,-0.7495500126770851
219,-0.2660831366362967,0.33760919341861273,0.8646637309125011,-0.513055002889592,0.06293477062550111,0.7590970131547162,2.8377872085648344,0.6154235698428384,-0.706177761913316
220,-0.9367584399387433,-0.3621164940672732,0.8646637309125011,-0.5051374433180468,0.05779532044160924,0.7747073339708745,2.855813635030267,0.7379329395281811,-0.6629328193633225
221,-0.4337519624619084,-0.18718507219580174,1.1183516619751588,-0.49690889708511443,0.052211778289311186,0.7878723970107165,2.872206183424989,0.8605091001454146,-0.6198191810688151
222,-0.9367584399387433,-0.3621164940672732,0.8646637309125011,-0.4884093175508228,0.04620793166451566,0.7986231298649066,2.8888899959793273,0.9740317009507483,-0.5768603058977984
223,-0.2660831366362968,1.2122663027759701,0.8646637309125011,-0.4796795190907763,0.0398088156220633,0.8070007831128866,2.9036357220494167,1.0852595087533088,-0.534059102700821
224,-0.9367584399387433,-0.012253650324330184,0.8646637309125011,-0.47076110447129965,0.0330405631437899,0.8130564991847109,2.9187894004252235,1.1873745183741677,-0.49144283905112285
225,-0.0984143108106851,-0.5370479159387447,0.8646637309125011,-0.4616963809488942,0.025930252586055795,0.8168508339135511,2.931670916247839,1.2858822134850738,-0.44901329634090764
226,-0.7690896141131317,0.6874720371615556,0.6109757998498434,-0.4525282648530088,0.018505752902211573,0.8184532346555007,2.9450870236791293,1.3765975449425871,-0.40680201391668847
227,-0.4337519624619084,0.33760919341861273,0.8646637309125011,-0.44330017453940324,0.010795567492211647,0.8179414789630024,2.955867581453601,1.4631009873582839,-0.3648096362794038
228,-0.7690896141131317,-0.7119793378102163,0.8646637309125011,-0.43405591169464214,0.002828677692752272,0.8154010778574046,2.967323216614236,1.54372107843752,-0.32307244411828206
229,0.4045921666661497,0.16267777154714128,0.6109757998498434,-0.4248395310465502,-0.005365612957976809,0.8109246477617073,2.975753298112792,1.6198471710207132,-0.28158996715929624
230,-0.7690896141131317,-0.3621164940672733,0.6109757998498434,-0.41569519860392906,-0.013757832452655269,0.8046112551430951,2.9850189221517183,1.6920606159878502,-0.24040369802690867
231,-0.7690896141131317,1.0373348809044987,0.6109757998498434,-0.40666703858695524,-0.022318490782010435,0.7965657378885473,2.9908483746729964,1.7595890024190992,-0.19951210346373222
232,-0.0984143108106851,-0.7119793378102163,0.8646637309125011,-0.39779896918855356,-0.031018225919965666,0.7868980073836862,2.99770293007852,1.8249965878156935,-0.15896235151599322
233,-0.7690896141131317,-0.5370479159387448,1.1183516619751588,-0.3891345272649593,-0.0398279441554063,0.7757223351718728,3.000700810346137,1.8855210212525664,-0.11875192205339158
234,-0.7690896141131317,-0.18718507219580174,1.1183516619751588,-0.38071668206645976,-0.04871895358192412,0.7631566279700539,3.004955173472658,1.9454689909695961,-0.07893410327160548
235,-0.7690896141131317,-0.7119793378102163,1.1183516619751588,-0.37258763821284785,-0.05766308955810431,0.7493216947884493,3.0049393073563286,2.0003014628793014,-0.03950547899447854
236,-0.9367584399387433,0.8624034590330272,0.8646637309125011,-0.36478862828429065,-0.06663283109716438,0.7343405100102788,3.006469515882261,2.055862696969486,-0.0005258689188994756
237,-0.60142078828752,-0.7119793378102163,0.8646637309125011,-0.3573596956542466,-0.07560140742762521,0.7183374765370083,3.0033465455748343,2.106043296804129,0.03800894602201192
238,-0.2660831366362968,-0.18718507219580174,0.6109757998498432,-0.3503394685494918,-0.08454289424581576,0.7014376934277715,3.0021362689961846,2.158052960462981,0.07603225247144502
239,-0.7690896141131317,-0.012253650324330184,0.3572878687871855,-0.3437649267381052,-0.0934322993484753,0.6837662327682121,2.9959499480918232,2.204393943592155,0.11354899241035091
240,-0.9367584399387433,-0.5370479159387447,0.3572878687871855,-0.33767116263808533,-0.10224563741513269,0.6654474307208877,2.9921377827167137,2.2534970247336394,0.15048526595629363
241,-0.2660831366362967,-0.7119793378102163,0.1035999377245278,-0.33209113896406756,-0.11095999379808089,0.6466041977906689,2.983118202259623,2.296630865822663,0.18684669633756856
242,0.06925451501492652,-0.36211649406727325,0.1035999377245278,-0.3270554453172986,-0.11955357732997415,0.6273573532611809,2.9770398238066083,2.3433257472934805,0.22255200626409796
243,-0.0984143108106851,0.8624034590330272,-0.1500879933381299,-0.3225920564037468,-0.12800576239049663,0.6078249885220415,2.965640143847421,2.383746818852394,0.2576075413369478
244,-0.2660831366362967,-0.18718507219580174,0.1035999377245278,-0.3187260947764602,-0.13629712075786865,0.588121863628552,2.957850127645224,2.4284206171083422,0.29192461296875877
245,-0.9367584399387433,-0.18718507219580174,0.1035999377245278,-0.3154796010493725,-0.1444094439966574,0.5683588409402602,2.9447534445276813,2.466518317902319,0.3255104869486603
246,-0.9367584399387433,0.33760919341861273,-0.1500879933381302,-0.3128713144432425,-0.15232575717009508,0.5486423591078695,2.9360106723415687,2.509474071067616,0.3582692734107654
247,-0.0984143108106851,-0.5370479159387448,-0.1500879933381302,-0.3109164664572539,-0.16003032451605098,0.5290739500666772,2.9220926029150425,2.5455581684235966,0.39020962562133704
248,-0.60142078828752,-0.5370479159387448,-0.1500879933381302,-0.3096265905602597,-0.16750864752160932,0.5097498010809957,2.9133007043175594,2.5870353005747253,0.4212290338063799
249,-0.7690896141131317,-0.18718507219580174,-0.1500879933381302,-0.3090093510652194,-0.1747474556897251,0.490760363260254,2.8995458422648386,2.621355041204694,0.4513384348264463
250,-0.4337519624619084,-0.5370479159387448,-0.1500879933381302,-0.3090683946719616,-0.18173469026642908,0.4721900073106888,2.8916558367076215,2.6615446770699465,0.48042982633357456
251,4.931650463957664,-0.0122536503243303,0.10359993772452752,-0.3098032284285788,-0.18845948129932177,0.4541167265987305,2.879044592083594,2.694303151864407,0.5085179644939578
252,-0.4337519624619084,0.8624034590330272,0.10359993772452752,-0.31120912793967176,-0.19491211858036842,0.43661188691484104,2.872943504426833,2.7333595722571555,0.5354912518578423
253,-0.0984143108106851,-0.7119793378102163,0.3572878687871855,-0.31327707925692555,-0.20108401717993796,0.41974002168303776,2.862339632197297,2.764724503329784,0.5613706965209078
254,-0.9367584399387433,-0.36211649406727325,0.6109757998498432,-0.31599375681011044,-0.2069676782947831,0.4035586708082351,2.858755769952073,2.8027737100902965,0.5860440327069378
255,-0.60142078828752,-0.7119793378102163,0.8646637309125008,-0.3193415382745504,-0.2125566459969473,0.3881182609373325,2.8508246893549014,2.83288555257429,0.6095421211174159
256,1.0752674699685965,-0.5370479159387448,0.6109757998498432,-0.32329855610028446,-0.21784546031644536,0.3734620246738044,2.850272490801381,2.8700316868153952,0.6317562259426545
257,1.0752674699685965,-0.18718507219580174,0.3572878687871855,-0.3278387848948204,-0.22282960709102434,0.35962595625715876,2.8454463262930623,2.8990097372330235,0.652732032201288
258,-0.60142078828752,0.6874720371615556,0.3572878687871855,-0.33293216367219214,-0.22750546521014886,0.34663880137648273,2.848216553179659,2.9353399047791147,0.6723699197710263
259,-0.7690896141131317,-0.5370479159387448,0.3572878687871855,-0.338544751674552,-0.23187025213741863,0.33452207903979964,2.8467032644216066,2.9632869000630735,0.6907367283687925
260,0.4045921666661497,-0.5370479159387448,0.3572878687871855,-0.34463891589062784,-0.23592196873900223,0.32329013365241505,2.8528887195490333,2.998874761724216,0.7077487440188733
261,-0.7690896141131317,-0.3621164940672732,0.3572878687871855,-0.35117354778030113,-0.23965934440857728,0.3129502156067779,2.854710385973786,3.0258802822490223,0.723501221890725
262,-0.4337519624619084,-0.3621164940672732,0.3572878687871855,-0.3581043063274007,-0.24308178336762565,0.3035025887680086,2.8642505475719977,3.0607886577813277,0.7379336659390928
263,-0.2660831366362968,-0.18718507219580174,0.3572878687871855,-0.36538388439165903,-0.24618931299322724,0.2949406632959499,2.8692934185984713,3.086931581794059,0.7511768975555729
264,0.06925451501492652,0.8624034590330272,0.3572878687871855,-0.3729622952900641,-0.24898253511876492,0.2872511523038425,2.882022936786199,3.1212142762058157,0.7632001390515002
265,-0.7690896141131317,-0.3621164940672732,0.3572878687871855,-0.3807871765297163,-0.25146258135341026,0.2804142509232937,2.8900860521285736,-3.136620825380926,0.7741750946889305
266,-0.7690896141131317,0.6874720371615556,0.3572878687871855,-0.3888041076000287,-0.25363107342793767,0.2744038364252092,2.9057775426521304,-3.102917820875012,0.7841044737883454
267,-0.60142078828752,-0.36211649406727325,0.3572878687871855,-0.3969569386997339,-0.25549008932675943,0.26918768813582294,2.916612855309837,-3.07829835956141,0.7932021808872489
268,-0.60142078828752,-0.18718507219580174,0.3572878687871855,-0.4051881272833607,-0.25704213555469324,0.26472772598493366,2.935009969953288,-3.045136153297498,0.8015033976203798
269,-0.7690896141131317,-0.5370479159387448,0.6109757998498432,-0.4134390794382528,-0.25829012543589197,0.26098026663010176,2.9483518967789752,-3.0211927088593526,0.8092596344605247
270,-0.7690896141131317,-0.18718507219580174,0.6109757998498432,-0.42165049334082083,-0.2592373629778885,0.2578962962226214,2.9691924042215776,-2.9885391039414135,0.816531437128568
271,0.06925451501492652,-0.7119793378102163,0.3572878687871855,-0.4297627023243454,-0.2598875316315935,0.25542175903847597,2.9847776311433143,-2.965223786352368,0.8235967555868446
272,-0.60142078828752,0.33760919341861273,0.10359993772452752,-0.4377160153667024,-0.2602446872416863,0.2534978614112572,3.0078080735739268,-2.9330530169875315,0.830528673561735
273,-0.60142078828752,0.33760919341861273,0.10359993772452752,-0.44545105302929333,-0.2603132545458803,0.25206139065917704,3.025387617368176,-2.910324469877534,0.8376152023447376
274,-0.7690896141131317,-0.18718507219580174,0.10359993772452752,-0.4529090770063543,-0.2600980266362373,0.2510450489262876,3.0503716398706477,-2.8786169821040413,0.8449258469096584
275,-0.9367584399387433,-0.5370479159387447,0.10359993772452752,-0.46003231149776264,-0.25960416673051456,0.2503778019816199,3.069717329990889,-2.8564401158936708,0.852740355941172
276,-0.4337519624619084,-0.5370479159387447,0.10359993772452752,-0.4667642546933235,-0.2588372113903712,0.2499852430166755,3.096439644997383,-2.8251823449195563,0.8611090388806438
277,-0.9367584399387433,-0.5370479159387447,0.10359993772452752,-0.47304997882990724,-0.25780307408035175,0.2497899713893037,3.1173468832512725,-2.8035280532924993,0.8702871120485116
278,-0.60142078828752,-0.5370479159387448,0.10359993772452752,-0.4788364175463368,-0.25650804785162284,0.2497119861314246,-3.1375708772086948,-2.772712135716275,0.8802942194673121
279,-0.2660831366362968,-0.7119793378102163,-0.1500879933381302,-0.4840726395535234,-0.25495880602415066,0.24966909389736072,-3.1152826815243397,-2.7515569230802877,0.8913499495030491
280,-0.0984143108106851,-0.18718507219580174,-0.1500879933381302,-0.48871010790305736,-0.25316239997862877,0.24957733087952266,-3.08564127124939,-2.721180284586538,0.9034380268406278
281,-0.7690896141131317,-0.5370479159387448,-0.1500879933381302,-0.49270292432834023,-0.2511262534730846,0.24935139803785125,-3.062129626805906,-2.7005057706480167,0.9167376580694798
282,-0.9367584399387433,-0.7119793378102163,-0.1500879933381302,-0.49600805820556687,-0.24885815321016502,0.24890510874800403,-3.0312655118118297,-2.670570595628572,0.9311975876429207
283,-0.60142078828752,-0.3621164940672732,-0.1500879933381302,-0.49858555965610707,-0.2463662356682362,0.24815184765543355,-3.0066664905489686,-2.650362938227592,0.9469574542161159
284,-0.60142078828752,-0.18718507219580174,-0.1500879933381302,-0.5003987562947456,-0.2436589704751588,0.24700503914361074,-2.9747125637463347,-2.6208755902358156,0.9639365604943652
285,-0.7690896141131317,-0.36211649406727325,0.1035999377245278,-0.5014144332195632,-0.24074514086628607,0.24537862341656388,-2.949142747679564,-2.6011249120214712,0.9822394679417403
286,-0.60142078828752,0.6874720371615556,0.3572878687871855,-0.5016029960303291,-0.23763382200927874,0.24318753778950344,-2.9162157317726036,-2.57209539887817,1.001764006243851
287,-0.4337519624619084,-0.3621164940672732,0.6109757998498432,-0.5009386168773138,-0.2343343581308577,0.24034820041520452,-2.889774211096563,-2.5527953166483717,1.0225857853913216
288,-0.2660831366362968,-0.18718507219580174,0.6109757998498432,-0.4993993637309205,-0.23085633938075548,0.2367789934097079,-2.855976740789969,-2.5242368948713985,1.0445896481429455
289,-0.0984143108106851,0.5125406152900843,0.3572878687871855,-0.4969673132015011,-0.22720957921157867,0.23240074224602333,-2.8287470375089705,-2.505384237254819,1.067828440983888
290,-0.4337519624619084,-0.18718507219580174,0.3572878687871855,-0.49362864729149175,-0.2234040928043876,0.22713718838246805,-2.794169654844655,-2.4773132153628987,1.092181752696674
291,-0.7690896141131317,-0.7119793378102163,0.3572878687871855,-0.48937373439551773,-0.2194500768011397,0.22091545233126003,-2.7662215144659874,-2.4589079580543602,1.1176849954094399
292,-0.7690896141131316,-0.0122536503243303,0.3572878687871855,-0.4841971947053855,-0.21535789035011987,0.21366648465537552,-2.73094454566166,-2.431343688492308,1.1442188614958224
293,-0.4337519624619084,-0.18718507219580174,0.3572878687871855,-0.4780979500244539,-0.2111380372662314,0.20532550263289145,-2.7023355646657023,-2.413389067544001,1.1718054314471267
294,-0.7690896141131317,-0.7119793378102163,0.3572878687871855,-0.47107925795197036,-0.206801149011286,0.19583241053372719,-2.6664308604289295,-2.3863540632541134,1.200331336564197
295,-0.2660831366362968,-0.18718507219580174,0.1035999377245278,-0.4631487304830924,-0.202357968216411,0.1851322016357123,-2.6372079298116358,-2.368856795271221,1.2298081979628661
296,-0.4337519624619084,0.33760919341861273,0.1035999377245278,-0.4543183372189917,-0.19781933255051326,0.1731753402794914,-2.6007404700949857,-2.342376901210687,1.2601320284460564
297,-0.9367584399387433,-0.18718507219580174,-0.1500879933381302,-0.4446043935151617,-0.19319615884104333,0.15991812241081954,-2.570941042218976,-2.325347457401636,1.2913058136283921
298,2.0812804249222663,-0.5370479159387447,-0.1500879933381302,-0.4340275339738921,-0.1884994274271988,0.14532301314838367,-2.5339704378972248,-2.299452041504541,1.323237244368398
299,-0.7690896141131317,-0.0122536503243303,-0.1500879933381302,-0.4226126716729768,-0.18374016671851323,0.12935895990954194,-2.5036236498010584,-2.282904961426952,1.3559216889992842
300,-0.4337519624619084,-0.5370479159387447,0.10359993772452752,-0.4103889433305993,-0.17892943786396465,0.11200167951246633,-2.466205590155683,-2.257627118735943,1.3892799327521712
301,-0.7690896141131317,0.8624034590330272,0.10359993772452752,-0.3973896401718992,-0.17407831939438093,0.0932339174755037,-2.4353332757938286,-2.241581362511049,1.4233001748696905
302,-0.4337519624619084,-0.36211649406727325,0.10359993772452752,-0.38365212371270474,-0.16919789171049404,0.0730456775136665,-2.3975209561923365,-2.216958120479558,1.4579170697849324
303,-0.4337519624619084,-0.3621164940672732,0.10359993772452752,-0.3692177252823163,-0.1642992212728889,0.05143441905843994,-2.3661385468577265,-2.2014374431064976,1.493111726367795
304,-0.60142078828752,0.16267777154714128,0.10359993772452752,-0.35413162800901493,-0.15939334423671128,0.02840522054035753,-2.3279840746081835,-2.1775099391648833,1.5288329964602325
305,-0.60142078828752,-0.3621164940672732,0.10359993772452752,-0.3384427300952911,-0.15449124910109766,0.003970906167944694,-2.29610135292633,-2.162543253803456,1.56505476399749
306,-0.0984143108106851,-0.36211649406727325,0.10359993772452752,-0.32220348837088114,-0.14960385780894844,-0.02184786601631131,-2.2576571225431428,-2.1393568319756837,1.6017401069586552
307,-0.7690896141131317,-0.18718507219580174,0.3572878687871855,-0.3054697412749385,-0.14474200468215706,-0.049022556941557105,-2.2252788058487742,-2.124978491333598,1.6388554488715579
308,-0.0984143108106851,-0.18718507219580174,0.3572878687871855,-0.2883005105782595,-0.13991641259640766,-0.07751674219832913,-2.1865988664207094,-2.1025826203774165,1.676377927796026
309,-0.60142078828752,-0.18718507219580174,0.3572878687871855,-0.27075778130225386,-0.13513766587081608,-0.10728615246149531,-2.1537250180513663,-2.088832504765624,1.7142662472018786
310,-0.7690896141131317,-0.18718507219580174,0.3572878687871855,-0.25290625942100203,-0.13041617945062886,-0.13827876023212232,-2.1148664798864507,-2.0672803972988065,1.7525113169556537
311,-0.7690896141131317,-0.5370479159387448,0.6109757998498432,-0.23481310707212896,-0.12576216406345622,-0.17043491411311235,-2.081492750298568,-2.0542036880371777,1.7910638875147569
312,-0.60142078828752,-0.5370479159387448,0.6109757998498432,-0.21654765520096905,-0.12118558712276074,-0.20368752136115548,-2.0425172882494627,-2.033551504123314,1.829928279373783
313,0.5722609924917614,-0.5370479159387448,0.6109757998498432,-0.19818109386367153,-0.11669612927421234,-0.23796227889119376,-2.0086349782456003,-2.0211980245853525,1.8690471155413881
314,-0.2660831366362968,-0.36211649406727325,0.3572878687871855,-0.17978614079063773,-0.11230313668529404,-0.2731779522401959,-1.9696105001879416,-2.0015035519314663,1.9084377249109215
315,-0.7690896141131317,-0.7119793378102163,0.10359993772452752,-0.16143668913719633,-0.10801556948874987,-0.3092467012244118,-1.935206432142763,-1.98992656444206,1.9480345044403453
316,-0.0984143108106852,0.33760919341861273,-0.1500879933381302,-0.14320743551040266,-0.10384194717661199,-0.3460744501942443,-1.8962090097761648,-1.971247292311994,1.9878673663966535
317,-0.9367584399387433,1.3871977246474416,-0.4037759244007879,-0.12517348939988823,-0.09979029213414227,-0.3835612999942005,-1.8612651912279112,-1.9605016803852244,2.027862464239992
318,-0.60142078828752,-0.18718507219580174,-0.4037759244007879,-0.10740996521801859,-0.09586807278808261,-0.42160197806837346,-1.8223813824454327,-1.9428922628461156,2.068061852327165
319,-0.60142078828752,-0.3621164940672732,-0.4037759244007879,-0.08999155838658053,-0.09208214787318911,-0.4600863226737885,-1.7868744169213389,-1.9330321213762063,2.1083834995942317
320,-0.7690896141131317,-0.7119793378102163,-0.6574638554634457,-0.07299210730090731,-0.08843871304597742,-0.49889979687607494,-1.7482041272406346,-1.9165413292261935,2.1488811431323485
321,-0.60142078828752,0.33760919341861273,-0.9111517865261034,-0.05648414351561947,-0.08494325067882405,-0.5379240278598248,-1.7121042738649734,-1.9076170546910964,2.1894646928291714
322,-0.2660831366362968,0.5125406152900843,-0.6574638554634457,-0.04053843308317014,-0.08160048342996562,-0.5770373670420403,-1.6737643532878903,-1.8922843434571486,2.2301990866682146
323,-0.4337519624619084,-0.0122536503243303,-0.9111517865261034,-0.02522351259121271,-0.07841433217701627,-0.6161154665154467,-1.6370340974807303,-1.8843392867190738,2.270986357492043
324,0.23692334084053823,-0.7119793378102163,-1.1648397175887613,-0.010605224036392925,-0.07538787894146082,-0.6550318674709957,-1.5991629887082415,-1.8701910740750305,2.3119021363467054
325,-0.0984143108106851,-0.36211649406727325,-0.9111517865261034,0.003253746818588329,-0.07252333535761503,-0.693658596444425,-1.5617549581194405,-1.8632578039485852,2.35284080924034
326,-0.0984143108106851,-0.5370479159387448,-0.9111517865261034,0.01629432358283534,-0.06982201711797663,-0.7318667654826925,-1.5245189187833283,-1.850303600316698,2.3938881644567163
327,0.23692334084053823,0.16267777154714128,-0.9111517865261034,0.02846147862415544,-0.0672843248408238,-0.7695271726193771,-1.4863729386538866,-1.844399908535654,2.4349312131503456
328,0.40459216666614994,0.5125406152900843,-0.9111517865261034,0.03970465335776057,-0.06490973201626543,-0.806510899354376,-1.4499746901350095,-1.8326285517415548,2.4760653367459198
329,0.23692334084053823,-0.7119793378102163,-0.9111517865261034,0.04997815407127239,-0.06269678096758055,-0.8426899021046359,-1.4110136929595394,-1.8277534477297155,2.517170481077125
330,0.06925451501492652,0.33760919341861273,-1.1648397175887613,0.0592415179782941,-0.060643087944972106,-0.8779375948001586,-1.3757048867175854,-1.817129837843763,2.5583510300606846
331,-0.4337519624619084,2.961580521490685,-1.1648397175887613,0.06745984433262395,-0.05874535848300545,-0.9121294199535638,-1.3358292499199658,-1.8132599752567296,2.5994802092396387
332,1.5782739474454315,-0.7119793378102163,-1.1648397175887613,0.07460408561613267,-0.05699941400158274,-0.9451434056678291,-1.301929093188661,-1.8037228986699143,2.6406707907108293
333,1.0752674699685965,-0.3621164940672732,-1.1648397175887613,0.08065129397791931,-0.05540023024149002,-0.9768607062035277,-1.2610087695226206,-1.8008100700491025,2.681789658784785
334,0.4045921666661497,0.6874720371615556,-1.1648397175887613,0.08558481829869413,-0.05394198744562367,-1.0071661239213767,-1.2289329537735252,-1.7922717812675815,2.7229573379003114
335,0.40459216666614994,-0.18718507219580174,-1.418527648651419,0.08939444763826071,-0.052618131418861375,-1.0359486106351512,-1.1867964955562722,-1.7902421323285023,2.7640347818655773
336,2.919624554050325,-0.18718507219580174,-1.418527648651419,0.09207649746895046,-0.05142144403149588,-1.0631017466323194,-1.1571042019629554,-1.7825901839131328,2.8051496108459877
337,-0.2660831366362968,0.33760919341861273,-1.418527648651419,0.09363383591402015,-0.050344121448457,-1.0885241958465564,-1.1135235624495432,-1.7813455467217558,2.846157287500664
338,1.5782739474454315,-0.7119793378102163,-1.1648397175887613,0.09407584812339798,-0.04937785823027955,-1.112120135921016,-1.0869980845109382,-1.774446951686387,2.887191850138529
339,1.913611599096655,-0.3621164940672732,-1.1648397175887613,0.09341833796062735,-0.048513935372033315,-1.1337996621921314,-1.041668286237479,-1.7738683144629195,2.928103734827766
340,0.06925451501492652,-0.5370479159387447,-1.1648397175887613,0.09168336733986605,-0.04774331034494846,-1.153479164915358,-1.0194647048224752,-1.7675757192386954,2.9690326984991864
341,1.242936295794208,0.16267777154714128,-1.1648397175887613,0.08889903476278763,-0.047056707328875666,-1.1710816792873582,-0.9719798601887314,-1.767528521426542,3.0098246371158988
342,0.7399298183173731,-0.5370479159387448,-1.1648397175887613,0.08509919580053525,-0.04644470607943456,-1.1865372079584389,-0.9559189079973872,-1.761687756419616,3.0506243040917127
343,0.5722609924917614,-0.0122536503243303,-1.1648397175887613,0.08032312938887137,-0.045897828198260625,-1.1997830157843725,-0.9057587704432734,-1.7620284422302361,3.091273561953267
344,-0.60142078828752,-0.3621164940672732,-1.1648397175887613,0.07461515478930059,-0.04540661987604351,-1.2107638965697984,-0.8989791527724452,-1.756486633253352,3.1319214163569438
345,0.4045921666661497,-0.0122536503243303,-1.1648397175887613,0.06802420487805827,-0.044961730419009555,-1.2194324115303574,-0.8455843354996346,-1.7570697694156086,-3.110779084133983
346,0.23692334084053823,-0.0122536503243303,-1.1648397175887613,0.0606033620183625,-0.044553986070419965,-1.2257490991575926,-0.8542288579233199,-1.7516831812148494,-3.0703048327214484
347,0.06925451501492652,-0.3621164940672732,-1.418527648651419,0.05240936310908871,-0.04417445881454557,-1.2296826561140597,-0.7976116569002074,-1.7523684481948352,-3.030005740674855
348,0.23692334084053823,-0.5370479159387447,-1.418527648651419,0.0435020805417322,-0.04381452999534403,-1.2312100887261812,-0.8363025163588294,-1.7470093432284757,-2.9897266151179673
349,-0.2660831366362968,0.8624034590330272,-1.418527648651419,0.033943985874047164,-0.0434659487062138,-1.2303168346035749,-0.781533453730858,-1.7476677975155688,-2.9496344525039078
350,-0.7690896141131316,0.16267777154714128,-1.1648397175887613,0.02379960311629476,-0.04312088503482442,-1.226996853928004,-0.8994397660918528,-1.7422297868861911,-2.9095721675735042
351,-0.60142078828752,-0.012253650324330184,-1.1648397175887613,0.013134958574842802,-0.04277197834641595,-1.2212526900330052,-0.9123034924118,-1.742748951338049,-2.869708561651006
352,-0.7690896141131317,-0.7119793378102163,-1.1648397175887613,0.0020170340988412807,-0.042412380771103764,-1.2130954990021194,-1.43872440133185,-1.7371505625049084,-2.829885489485449
353,-0.9367584399387433,0.33760919341861273,-1.1648397175887613,-0.009486769753566706,-0.042035795913537455,-1.2025450480908844,-2.7610298491852423,-1.7374381049024776,-2.7902729510655693
354,-0.7690896141131316,0.33760919341861273,-1.1648397175887613,-0.021309154675518947,-0.04163651265344732,-1.189629682790826,-2.9553648424168437,-1.7316245315591923,-2.7507126016817236
355,-0.60142078828752,0.16267777154714128,-1.418527648651419,-0.03338342447571996,-0.04120943385951591,-1.174386262314042,2.9711456310014634,-1.731610466068601,-2.711375015765975
356,-0.60142078828752,-0.18718507219580174,-1.1648397175887613,-0.04564395944550404,-0.04075009983781826,-1.1568600632233217,3.065605910828281,-1.725553625663425,-2.672102541446783
357,0.06925451501492652,-0.0122536503243303,-0.9111517865261031,-0.058026661662802986,-0.04025470625912753,-1.1371046509027538,2.944003726266925,-1.725191088008319,-2.6330656846342833
358,-0.4337519624619084,-0.7119793378102163,-0.9111517865261031,-0.07046936843459305,-0.03972011615444436,-1.1151817185687742,3.038417393018452,-1.7188882171841757,-2.5941084140159525
359,-0.0984143108106851,-0.7119793378102163,-0.9111517865261031,-0.08291223170274341,-0.03914386545211056,-1.091160893528069,2.975854375604569,-1.718152957085895,-2.5554005037068923
360,-0.7690896141131317,-0.18718507219580174,-0.9111517865261031,-0.09529806168397738,-0.03852416156899471,-1.0651195103379303,3.062676681859457,-1.7116240280674506,-2.5167885103499077
361,-0.2660831366362967,0.33760919341861273,-1.1648397175887613,-0.10757263332106287,-0.03785987480476243,-1.0371423503894894,3.024771751799172,-1.7105128003207237,-2.478440789816484
362,0.06925451501492652,-0.18718507219580174,-1.1648397175887613,-0.11968495437966523,-0.0371505226633828,-1.0073213472488216,3.105293002708198,-1.7037970432323981,-2.4402074974646286
363,-0.60142078828752,-0.3621164940672732,-1.1648397175887613,-0.13158749430002598,-0.03639624759123995,-0.9757552569242579,3.0803690588923605,-1.702325117247478,-2.402254855467312
364,-0.7690896141131317,-0.5370479159387448,-1.1648397175887613,-0.14323637319471422,-0.03559778885211842,-0.9425492921416344,-3.1271763950536804,-1.695476974744154,-2.36443767438258
365,-0.9367584399387433,-0.012253650324330184,-1.1084646217970593,-0.15459151064289112,-0.034756449380849146,-0.9078147197286152,3.138823863969648,-1.6936750695803524,-2.3269192895082536
366,-0.9367584399387433,-0.0122536503243303,-1.3621525528597174,-0.16561673421427395,-0.033874058596297274,-0.871668420321828,-3.0725774791711333,-1.6867599569656846,-2.2895602711594507
367,-0.60142078828752,1.3871977246474416,-1.3621525528597174,-0.1762798480673304,-0.03295293236499421,-0.8342324097904587,-3.084803039187889,-1.6846709491137175,-2.2525202663537987
368,-0.9367584399387433,-0.0122536503243303,-1.2916836831200902,-0.18655266255271793,-0.031995831487294915,-0.7956333220118351,-3.0161584273155655,-1.6777611626277282,-2.2156667611064944
369,-0.60142078828752,0.8624034590330272,-1.2010808505977124,-0.19641098645492727,-0.03100592005581028,-0.7560018529571458,-3.0250707508511065,-1.6754368870200875,-2.179154851970634
370,0.4045921666661497,0.33760919341861273,-1.5030902923389717,-0.20583458422092463,-0.02998672472056294,-0.7154721664604239,-2.9590558017891544,-1.668607940616603,-2.142860152113717
371,0.7399298183173731,-0.18718507219580174,-1.9259035107767344,-0.2148071011607313,-0.028942095354764164,-0.6741812625388387,-2.9657099993634684,-1.666106348561672,-2.106932269297139
372,-0.7690896141131317,-0.18718507219580174,-1.9259035107767344,-0.22331596004898788,-0.027876167013012414,-0.6322683097062765,-2.901951437622266,-1.6594339033303143,-2.071256215881762
373,-0.7690896141131317,-0.0122536503243303,-1.9259035107767344,-0.23135223269847352,-0.02679332256471927,-0.5898739434278433,-2.90706464792469,-1.6568166820135788,-2.0359750777116474
374,-0.4337519624619084,-0.7119793378102163,-1.9259035107767344,-0.2389104899521837,-0.025698155069263436,-0.5471395337770939,-2.8452800950440555,-1.6503740198731627,-2.0009846057960825
375,0.06925451501492652,-0.3621164940672732,-1.9259035107767344,-0.24598863338246008,-0.02459542886746294,-0.5042064265045448,-2.849362148533163,-1.6477045554205434,-1.9664202148452985
376,0.5722609924917614,-0.7119793378102163,-1.9259035107767344,-0.25258771200106606,-0.02349003847081961,-0.46121516305399685,-2.7893304692704293,-1.6415603725220809,-1.9321898132937751
377,1.7459427732710429,-0.7119793378102163,0.6109757998498433,-0.25871172741425336,-0.022386964601707245,-0.4183046864879309,-2.792756641149733,-1.6389018163781464,-1.898419858684755
378,-0.6014207882875199,-0.0122536503243303,0.6109757998498433,-0.26436743083120623,-0.02129122715465008,-0.37561154168337885,-2.7342980518429925,-1.6331180971000765,-1.8650319372063704
379,1.0752674699685965,0.8624034590330272,0.6109757998498433,-0.2695641149292087,-0.020207835368088612,-0.3332690793025999,-2.737352041044617,-1.6305313366987961,-1.8321421088411887
380,-0.4337519624619084,-0.0122536503243303,0.6109757998498433,-0.27431340280799343,-0.01914173600518228,-0.2914066736206213,-2.680314231409493,-1.6251611989441,-1.799687294942006
381,-0.60142078828752,-0.18718507219580174,0.6109757998498433,-0.27862903535723504,-0.018097760674569086,-0.2501489641510029,-2.6832147031435567,-1.6227026877520732,-1.7677715457927967
382,-0.9367584399387433,-0.0122536503243303,0.6109757998498433,-0.28252665757651957,-0.017080573477273802,-0.20961513030495144,-2.6274625872979005,-1.6177882779206985,-1.736348956700584
383,-0.7690896141131317,-0.36211649406727325,0.6109757998498433,-0.2860236038916903,-0.016094620027832098,-0.1699182073530153,-2.6303799773813124,-1.6155078475452491,-1.7055097551021685
384,-0.7690896141131317,1.3871977246474416,0.6109757998498433,-0.28913868237728435,-0.015144078756219788,-0.1311644509512642,-2.5757875045928316,-1.6110784864303276,-1.6752272753471038
385,0.9075986441429846,-0.3621164940672732,0.6109757998498433,-0.291891957997742,-0.014232815338300071,-0.09345275652099752,-2.5788546812743967,-1.6090173285166405,-1.6455758569778092
386,0.06925451501492652,-0.18718507219580174,0.6109757998498433,-0.294304535360164,-0.013364341039463589,-0.0568741388427806,-2.5252977215577728,-1.6050881080568593,-1.6165504121632233
387,-0.9367584399387433,1.2122663027759701,0.6109757998498433,-0.2963983417738687,-0.0125417755818046,-0.02151127634106013,-2.5286166360648723,-1.603277094174399,-1.5882070012801845
388,-0.60142078828752,-0.5370479159387448,0.6109757998498433,-0.2981959114529425,-0.011767814877613655,0.012561876306272198,-2.4759663456008165,-1.5998480843792238,-1.560564785667584
389,-0.9367584399387433,-0.18718507219580174,0.6109757998498433,-0.29972017153561575,-0.011044703695601565,0.045280404399358876,-2.4796120342327663,-1.5983065642050698,-1.533658728602296
390,-0.7690896141131317,-0.7119793378102163,0.6109757998498433,-0.3009942304863568,-0.010374213084044202,0.07658867621496633,-2.427728257434718,-1.5953627341837726,-1.507535326144139
391,-0.4337519624619084,-0.5370479159387447,0.6109757998498433,-0.3020411695914823,-0.009757622218942897,0.10644051141938113,-2.431751067840578,-1.5940978980470144,-1.48220506634864
392,0.06925451501492652,-0.012253650324330184,0.6109757998498433,-0.3028838386340286,-0.00919570438237571,0.13479927422639995,-2.380475318894245,-1.5916097736148418,-1.457745400511774
393,-0.6014207882875201,0.16267777154714128,0.6109757998498433,-0.30354465727482294,-0.008688717050158924,0.16163789127874112,-2.38490196112422,-1.5906166064939906,-1.4341382245381429
394,-0.7690896141131317,-0.7119793378102163,0.6109757998498433,-0.3040454240168128,-0.00823639647083655,0.18693879484424067,-2.3340494425265486,-1.588541632938758,-1.4114962878874397
395,-0.7690896141131317,-0.5370479159387448,0.6109757998498433,-0.30440713483551907,-0.007837957489162582,0.2106937924983237,-2.3388833580120783,-1.5878034840160655,-1.3897677951008005
396,-0.7690896141131317,1.2122663027759701,0.6109757998498433,-0.30464981370260613,-0.0074920996469942805,0.23290386501309823,-2.288233197140229,-1.5860880739317404,-1.369106162387788
397,-0.9367584399387433,-0.36211649406727325,0.6109757998498433,-0.3047923574502885,-0.007197020827312836,0.2535788946926723,-2.293454648722298,-1.5855779180146043,-1.3494194791122827
398,-0.0984143108106851,2.4367862558762705,0.6109757998498433,-0.3048523977861303,-0.006950439883820344,0.2727373268856324,-2.242736844460251,-1.5841601772014033,-1.330908732791686
399,3.757968683178383,1.7370605683903848,0.6109757998498433,-0.30484618370656114,-0.006749629668328157,0.2904057678707387,-2.248303017462963,-1.583842661843457,-1.313433645134505
400,-0.0984143108106851,-0.18718507219580174,0.6109757998498433,-0.3047884878600015,-0.006591461440079059,0.30661852275248325,-2.19717915475442,-1.5826557138606498,-1.2972521107746393
401,1.913611599096655,0.16267777154714128,0.6109757998498433,-0.30469254022854947,-0.0064724607480541665,0.3214170774209131,-2.2030244208520404,-1.5824900130454895,-1.2821646108142035
402,0.5722609924917614,-0.7119793378102163,0.6109757998498433,-0.30456999157417836,-0.006388873699407843,0.33484952902669324,-2.151056102787964,-1.5814656400231495,-1.2684993644699427
403,-0.4337519624619084,-0.18718507219580174,0.6109757998498433,-0.3044309075651566,-0.00633674146413131,0.3469699697994274,-2.157092310981715,-1.5814089329050574,-1.2559827659415401
404,-0.2660831366362967,0.33760919341861273,0.6109757998498433,-0.30428379281567586,-0.006311980262494791,0.3578378293963493,-2.1036839416043747,-1.5804808751137986,-1.245034107086613
405,-0.4337519624619084,-0.3621164940672732,0.6109757998498433,-0.3041356426594065,-0.006310463964867706,0.3675171813112117,-2.1098000185017907,-1.5804919918007037,-1.2352843156872055
406,-0.7690896141131317,-0.012253650324330184,0.6109757998498433,-0.3039920195433925,-0.006328106573093829,0.3760760192010256,-2.054083682618187,-1.579597747376235,-1.2272788579029408
407,-0.60142078828752,-0.7119793378102163,0.6109757998498433,-0.3038571504861018,-0.006360942020897706,0.38358550930268637,-2.06014288789232,-1.5796403989246188,-1.2205198173491423
408,0.9075986441429849,-0.5370479159387447,0.6109757998498433,-0.30373404197113435,-0.0064051988659446675,0.3901192254138407,-2.000716199620574,-1.5787194585420934,-1.2157457389432786
409,-0.4337519624619084,-0.5370479159387448,0.6109757998498433,-0.3036246087595448,-0.006457367625073077,0.39575237320391043,-2.0065475279334186,-1.5787645690541008,-1.2122709264645517
410,-0.0984143108106851,0.5125406152900843,0.6109757998498433,-0.3035298131994453,-0.006514258812068432,0.4005610109032209,-1.9407599186155406,-1.5777474785064167,-1.2111795869608217
411,-0.4337519624619084,-0.5370479159387447,0.6109757998498433,-0.3034498115440326,-0.00657305016207025,0.4046212736918503,-1.9461343132804003,-1.5777743247926754,-1.2114720696737051
412,-0.60142078828752,-0.5370479159387447,0.6109757998498433,-0.3033841035670923,-0.006631321956658484,0.4080086093761857,-1.86745436227657,-1.5765362306405366,-1.2150593558012739
413,-0.7690896141131317,-0.36211649406727325,0.8646637309125011,-0.30333168154162027,-0.006687079699291704,0.4107970332023359,-1.8720091906186076,-1.5765323039120356,-1.2202484396300333
414,-0.7690896141131317,-0.3621164940672732,0.8646637309125011,-0.3032911745670263,-0.006738763658456332,0.4130584099200758,-1.7509526450827133,-1.574532002497632,-1.2333775758451253
