,trial_index,interconnectivity_strength
0,1,28.383173094218865
1,2,29.874280867328395
2,3,29.95418630195221
3,4,24.08199704106706
4,5,24.788290591288295
5,6,24.773422598215706
6,7,24.401890688998442
7,8,25.084494904301938
8,9,23.740524349995653
9,10,23.997925487305952
10,11,24.820264493279023
11,12,23.177996703710843
12,13,19.270157103448454
13,14,25.33505481482609
14,15,27.738836746461512
15,16,28.246717782487277
16,17,25.401250629201204
17,18,22.81264434903617
18,19,16.709004415064342
19,20,17.2417049523179
20,21,27.183691743009028
21,22,25.105703819989728
22,23,18.624712755836782
23,24,25.12681912681938
24,25,17.970004409171256
25,26,11.635056789466647
26,27,24.26919339164252
27,28,25.310204081632865
28,29,11.477495513510997
29,30,26.797705943691316
30,31,12.000026662814314
31,32,22.208791208791112
32,33,20.822537710736185
33,34,20.134199134199342
34,35,8.385257601263003
35,36,8.933178262263896
36,37,8.43072540921211
37,38,11.821620373613476
38,39,11.064052006320962
39,40,20.694088005247075
40,41,39.24587656050043
41,42,36.01637163650942
42,43,0.0
43,44,0.0
44,45,0.0
45,46,0.0
46,47,0.0
47,48,0.0
48,49,0.0
49,50,0.0
50,51,0.0
51,52,0.0
52,53,0.0
53,54,0.0
54,55,0.0
55,56,0.0
56,57,0.0
57,58,0.0
58,59,0.0
59,60,0.0
60,61,0.0
61,62,0.0
62,63,0.0
63,64,0.0
64,65,0.0
65,66,0.0
66,67,0.0
67,68,1.0
68,69,1.0
69,70,1.0
70,71,1.0
71,72,1.0
72,73,1.0
73,74,1.0
74,75,1.0
75,76,1.0
76,77,1.0
77,78,1.0
78,79,1.0
79,80,1.0
80,81,1.0
81,82,1.0
82,83,1.0
83,84,1.0
84,85,1.0
85,86,1.0
86,87,1.0
87,88,1.0
88,89,1.0
89,90,1.0
90,91,1.0
91,92,1.0
92,93,1.0
93,94,1.0
94,95,1.0
95,96,1.0
96,97,1.0
97,98,1.0
98,99,1.0
99,100,1.0
100,101,1.0
101,102,1.0
102,103,1.0
103,104,1.0
104,105,1.0
105,106,1.0
106,107,1.0
107,108,331.6573135665133
108,109,332.2824264705884
109,110,335.40741550116286
110,111,270.50092421441997
111,112,280.5508911067525
112,113,314.37246772140406
113,114,264.5483923483942
114,115,217.02117517118447
115,116,253.5961320978221
116,117,241.66760478817474
117,118,230.2152704945075
118,119,242.40569717035115
119,120,188.32210485027127
120,121,147.81991404160647
121,122,151.3337920605872
122,123,140.8504421648379
123,124,122.86490058775486
124,125,75.2964771431607
125,126,74.5206495343532
126,127,70.07793500226484
127,128,88.42163517117353
128,129,112.80026296619937
129,130,77.8202042143965
130,131,46.613026899991425
131,132,87.45314986737354
132,133,80.25002262983901
133,134,29.45660956171421
134,135,23.467577339312545
135,136,21.327652180510682
136,137,19.342351093533605
137,138,18.673784810237056
138,139,32.45626432145522
139,140,26.16206787893132
140,141,32.400981420611274
141,142,35.74296990809895
142,143,26.506206022392366
143,144,25.113726096141452
144,145,22.393546294460005
145,146,22.366459265523737
146,147,19.899918080865856
147,148,16.68849172410343
148,149,16.168253680015116
149,150,16.721849790986557
150,151,18.308898392604366
151,152,22.456279324068294
152,153,28.24720176036277
153,154,29.00000026110346
154,155,30.02743932402488
155,156,30.503031458354595
156,157,29.409890674754674
157,158,25.111980353366828
158,159,22.78142876454812
159,160,20.724823299074362
160,161,24.08046462469842
161,162,23.260694070001588
162,163,14.333366939938518
163,164,21.773103636278364
164,165,17.452797368461024
165,166,11.616084413656095
166,167,17.51470606489842
167,168,16.98958935801046
168,169,19.28007518796988
169,170,11.960463814563056
170,171,19.24025974025993
171,172,20.54956528138735
172,173,20.083275503122966
173,174,15.629518555926884
174,175,11.294501328633622
175,176,9.797483636535908
176,177,10.08033137200712
177,178,21.403292181069794
178,179,17.462514186802306
179,180,16.111918377668275
180,181,16.549678885534977
181,182,15.029810710999827
182,183,10.537991661747272
183,184,13.451565978570997
184,185,10.461962328130877
185,186,12.67665330525725
186,187,14.934972875951459
187,188,16.425642535713205
188,189,15.697283246496111
189,190,13.035506860484116
190,191,13.267529607769609
191,192,14.070801247190182
192,193,9.86612563510338
193,194,12.09868434272666
194,195,11.732206520671328
195,196,14.279266834303614
196,197,18.481065213737388
197,198,15.194723679834238
198,199,12.068511730473201
199,200,17.8532896298328
200,201,19.689594495967842
201,202,20.949173467761483
202,203,18.820925954500556
203,204,18.03080141682365
204,205,14.95839184821145
205,206,20.015321955524048
206,207,15.04351342086227
207,208,10.083492434166995
208,209,10.611349021219254
209,210,19.142073336893034
210,211,15.311993875429934
211,212,19.04142074749345
212,213,19.892875645291692
213,214,40.46900027576981
214,215,40.68318539599003
215,216,26.458313168023015
216,217,31.69559198589876
217,218,32.28964466945757
218,219,32.33695343689092
219,220,34.01969023252901
220,221,32.56908832946934
221,222,25.922952636707652
222,223,25.73628563645849
223,224,34.56984645876472
224,225,33.218936234344234
225,226,12.726508338579524
226,227,12.138244079560323
227,228,26.591394835797626
228,229,32.73062101166338
229,230,30.98024718672974
230,231,28.062838459313863
231,232,27.49083123805919
232,233,17.575505861729066
233,234,26.351162790697472
234,235,27.287804878049
235,236,36.901116427432356
236,237,36.2874617737001
237,238,35.4514200298956
238,239,36.43074581430742
239,240,38.56321839080466
240,241,37.151234567901355
241,242,37.66972477064172
242,243,17.372759344729033
243,244,37.27172195892626
244,245,37.10954616588384
245,246,40.02265372168318
246,247,30.967222914181264
247,248,31.351054556203184
248,249,29.97851056509229
249,250,31.18970353797929
250,251,32.03557697043557
251,252,33.85793953899562
252,253,37.82706944528196
253,254,39.46072419217238
254,255,1.0
255,256,80.15745936072146
256,257,1.0
257,258,1.0
258,259,1.0
259,260,1.0
260,261,1.0
261,262,1.0
262,263,1.0
263,264,1.0
264,265,1.0
265,266,1.0
266,267,1.0
267,268,1.0
268,269,1.0
269,270,1.0
270,271,1.0
271,272,1.0
272,273,1.0
273,274,1.0
274,275,1.0
275,276,1.0
276,277,1.0
277,278,1.0
278,279,1.0
279,280,1.0
280,281,1.0
281,282,1.0
282,283,1.0
283,284,1.0
284,285,1.0
285,286,1.0
286,287,1.0
287,288,1.0
288,289,1.0
289,290,1.0
290,291,1.0
291,292,1.0
292,293,1.0
293,294,1.0
294,295,1.0
295,296,1.0
296,297,1.0
297,298,1.0
298,299,1.0
299,300,1.0
300,301,1.0
301,302,1.0
302,303,1.0
303,304,1.0
304,305,1.0
305,306,1.0
306,307,1.0
307,308,1.0
308,309,1.0
309,310,1.0
310,311,1.0
311,312,1.0
312,313,1.0
313,314,1.0
314,315,1.0
315,316,1.0
316,317,1.0
317,318,1.0
318,319,1.0
319,320,1.0
320,321,0.0
321,322,0.0
322,323,0.0
323,324,0.0
324,325,0.0
325,326,0.0
326,327,0.0
327,328,0.0
328,329,0.0
329,330,0.0
330,331,0.0
331,332,0.0
332,333,0.0
333,334,0.0
334,335,0.0
335,336,0.0
336,337,0.0
337,338,0.0
338,339,0.0
339,340,0.0
340,341,0.0
341,342,0.0
342,343,0.0
343,344,0.0
344,345,0.0
345,346,0.0
346,347,0.0
347,348,0.0
348,349,0.0
349,350,0.0
350,351,0.0
351,352,0.0
352,353,0.0
353,354,0.0
354,355,0.0
355,356,0.0
356,357,0.0
357,358,0.0
358,359,0.0
359,360,0.0
360,361,0.0
361,362,0.0
362,363,0.0
363,364,0.0
364,365,0.0
365,366,0.0
366,367,0.0
367,368,1.0
368,369,1.0
369,370,389.03106798408436
370,371,392.8788252035387
371,372,418.74274094109495
372,373,419.59450430231306
373,374,208.3598428493921
374,375,419.3757546958836
375,376,282.2693476353276
376,377,145.37811617007486
377,378,301.71309168801906
378,379,294.6328311433096
379,380,291.2534611056878
380,381,294.44885703215823
381,382,153.27620564250776
382,383,307.13848820652333
383,384,316.63272438231536
384,385,329.4368072124343
385,386,342.72463727910525
386,387,352.95450787073
387,388,351.23037231874525
388,389,509.73403986218995
389,390,252.95001751045015
390,391,1.0
391,392,1.0
392,393,1.0
393,394,524.8932677635983
394,395,421.971807564392
395,396,398.8003457128491
396,397,469.8218873169061
397,398,440.89334598340486
398,399,430.5005006398739
399,400,406.7505298669347
400,401,377.8219990009048
401,402,348.92928790759106
402,403,332.7149334621141
403,404,303.7507094997393
404,405,274.78649855212456
