,trial_index,interconnectivity_strength
0,1,1.0
1,2,1.0
2,3,1.0
3,4,1.0
4,5,1.0
5,6,1.0
6,7,1.0
7,8,1.0
8,9,1.0
9,10,1.0
10,11,1.0
11,12,1.0
12,13,1.0
13,14,368.27861609912514
14,15,142.28155380362193
15,16,84.57516524461742
16,17,84.99391443772275
17,18,93.57352184362985
18,19,67.48583413008213
19,20,52.710722909040925
20,21,48.15393742713777
21,22,44.67956858171645
22,23,151.43762051044934
23,24,108.83603158626217
24,25,67.59507157987082
25,26,144.44013246136086
26,27,105.82408642808853
27,28,119.2915166717639
28,29,119.30010340291328
29,30,117.86867607901291
30,31,109.69609789298362
31,32,60.38602645646148
32,33,65.53630077164671
33,34,65.53630077164671
34,35,119.01753633538712
35,36,173.86999740165427
36,37,199.93790984001305
37,38,99.46895492000651
38,39,81.56554884864819
39,40,214.87710871165214
40,41,132.63821015483103
41,42,143.76011695501649
42,43,151.38959678623476
43,44,101.07655988298407
44,45,97.31596604231889
45,46,105.59738594638927
46,47,101.82911616758335
47,48,66.30879728820489
48,49,67.10466712903013
49,50,62.387609844240394
50,51,55.99625794396469
51,52,61.64967815737219
52,53,93.21890004655262
53,54,91.21890330909828
54,55,91.43141950301653
55,56,91.43141950301653
56,57,85.811908967391
57,58,99.3668269294802
58,59,96.42018298680134
59,60,129.54650962204616
60,61,135.95021155113122
61,62,137.09397766518074
62,63,139.36980910747923
63,64,136.9785089978694
64,65,184.84884282656762
65,66,110.54309283226883
66,67,105.01929562598276
67,68,88.27522552049228
68,69,1.0
69,70,1.0
70,71,1.0
71,72,1.0
72,73,1.0
73,74,1.0
74,75,1.0
75,76,1.0
76,77,1.0
77,78,0.0
78,79,0.0
79,80,0.0
80,81,0.0
81,82,0.0
82,83,0.0
83,84,0.0
84,85,0.0
85,86,0.0
86,87,0.0
87,88,0.0
88,89,0.0
89,90,0.0
90,91,0.0
91,92,0.0
92,93,0.0
93,94,0.0
94,95,0.0
95,96,0.0
96,97,0.0
97,98,0.0
98,99,0.0
99,100,0.0
100,101,0.0
101,102,0.0
102,103,0.0
103,104,0.0
104,105,0.0
105,106,0.0
106,107,0.0
107,108,0.0
108,109,0.0
109,110,0.0
110,111,0.0
111,112,0.0
112,113,0.0
113,114,0.0
114,115,0.0
115,116,0.0
116,117,0.0
117,118,0.0
118,119,0.0
119,120,1157.860606488993
120,121,589.5739355980425
121,122,1174.8610622398025
122,123,1262.3888460598246
123,124,632.8488629333199
124,125,1366.670661123339
125,126,664.2530297312064
126,127,549.6455467659347
127,128,613.0027970268235
128,129,1270.543245288675
129,130,1173.2896389325049
130,131,1092.7375107086161
131,132,1011.878964812305
132,133,1083.0037037037064
133,134,1062.603775009432
134,135,508.0017331156052
135,136,250.75140699052318
136,137,472.5901131870652
137,138,498.43951030279675
138,139,479.0643379950321
139,140,261.40153603948573
140,141,679.3370354417956
141,142,610.0804355017551
142,143,663.9204550224529
143,144,664.5033962264215
144,145,584.5745885854354
145,146,611.0744511613065
146,147,608.5030353989756
147,148,636.1572141624234
148,149,696.1702789785411
149,150,640.9264197942352
150,151,691.5036367665961
151,152,648.4102425050486
152,153,602.5427078286177
153,154,619.4593460355914
154,155,581.3085173565909
155,156,1.0
156,157,1.0
157,158,1.0
158,159,1.0
159,160,1.0
160,161,1.0
161,162,1.0
162,163,1.0
163,164,1.0
164,165,1.0
165,166,1.0
166,167,1.0
167,168,1.0
168,169,1.0
169,170,1.0
170,171,1.0
171,172,1.0
172,173,0.0
173,174,434.5462584192663
174,175,374.54245020585205
175,176,371.28072836978845
176,177,353.26993844478795
177,178,385.160702118825
178,179,319.8626970058469
179,180,324.4488950276276
180,181,322.48338155881777
181,182,311.73393544249785
182,183,337.8577807470457
183,184,306.67790759966357
184,185,325.1672439116017
185,186,283.64757380366336
186,187,90.8890770788027
187,188,90.9799859831793
188,189,92.36580130940129
189,190,93.79590566014589
190,191,88.5210083625048
191,192,90.50559053601154
192,193,81.56209098472283
193,194,78.00944320363531
194,195,141.0806616512686
195,196,148.7414111026788
196,197,129.67648549284476
197,198,129.8485006496025
198,199,131.1060762566566
199,200,137.98390094387236
200,201,136.6875159692246
201,202,108.97563141225123
202,203,113.30002189141848
203,204,116.6794997582085
204,205,130.0857283065897
205,206,127.54169069848521
206,207,129.0694578005719
207,208,0.0
208,209,0.0
209,210,0.0
210,211,0.0
211,212,0.0
212,213,0.0
213,214,0.0
214,215,0.0
215,216,0.0
216,217,0.0
217,218,0.0
218,219,0.0
219,220,0.0
220,221,0.0
221,222,0.0
222,223,0.0
223,224,0.0
224,225,0.0
225,226,0.0
226,227,0.0
227,228,0.0
228,229,0.0
229,230,0.0
230,231,0.0
231,232,0.0
232,233,0.0
233,234,0.0
234,235,0.0
235,236,0.0
236,237,0.0
237,238,0.0
238,239,0.0
239,240,0.0
240,241,0.0
241,242,0.0
242,243,0.0
243,244,0.0
244,245,0.0
245,246,0.0
246,247,0.0
247,248,0.0
248,249,0.0
249,250,0.0
250,251,0.0
251,252,0.0
252,253,0.0
253,254,0.0
254,255,0.0
255,256,0.0
256,257,0.0
257,258,0.0
258,259,0.0
259,260,0.0
260,261,0.0
261,262,0.0
262,263,0.0
263,264,0.0
264,265,0.0
265,266,0.0
266,267,0.0
267,268,0.0
268,269,0.0
269,270,0.0
270,271,0.0
271,272,0.0
272,273,0.0
273,274,0.0
274,275,0.0
275,276,0.0
276,277,0.0
277,278,0.0
278,279,0.0
279,280,0.0
280,281,0.0
281,282,0.0
282,283,0.0
283,284,0.0
284,285,0.0
285,286,0.0
286,287,0.0
287,288,0.0
288,289,0.0
289,290,0.0
290,291,0.0
291,292,0.0
292,293,0.0
293,294,0.0
294,295,0.0
295,296,0.0
296,297,0.0
297,298,0.0
298,299,0.0
299,300,0.0
300,301,0.0
301,302,0.0
302,303,0.0
303,304,0.0
304,305,0.0
305,306,0.0
306,307,0.0
307,308,0.0
308,309,0.0
309,310,0.0
310,311,0.0
311,312,0.0
312,313,0.0
313,314,0.0
314,315,0.0
315,316,0.0
316,317,0.0
317,318,0.0
318,319,0.0
319,320,0.0
320,321,0.0
321,322,0.0
322,323,0.0
323,324,0.0
324,325,0.0
325,326,0.0
326,327,0.0
327,328,0.0
328,329,0.0
329,330,0.0
330,331,0.0
331,332,0.0
332,333,0.0
333,334,0.0
334,335,0.0
335,336,0.0
336,337,0.0
337,338,0.0
338,339,0.0
339,340,0.0
340,341,0.0
341,342,0.0
342,343,0.0
343,344,0.0
344,345,0.0
345,346,0.0
346,347,0.0
347,348,435.89473684210355
348,349,196.90504904325616
349,350,196.88123955407625
350,351,205.65030317729838
351,352,204.00030562347376
352,353,195.42886073019594
353,354,195.6431461284598
354,355,195.8336220386035
355,356,381.0001949908978
356,357,204.17524728293867
357,358,232.77810862315397
358,359,418.55021482277147
359,360,225.0266228940289
360,361,163.764939782427
361,362,314.70386034530645
362,363,158.7039189352077
363,364,164.14835626815935
364,365,160.85206422018533
365,366,195.86691807770973
366,367,201.8446884301971
367,368,195.22247446084063
368,369,322.57182364095905
369,370,1.0
370,371,1.0
371,372,1.0
372,373,1.0
373,374,1.0
374,375,1.0
375,376,1.0
376,377,1.0
377,378,1.0
378,379,1.0
379,380,1.0
380,381,1.0
381,382,1.0
382,383,1.0
383,384,1.0
384,385,1.0
385,386,1.0
386,387,1.0
387,388,1.0
388,389,1.0
389,390,1.0
390,391,1.0
391,392,1.0
392,393,1.0
393,394,1.0
394,395,1.0
395,396,1.0
396,397,1.0
397,398,1.0
398,399,1.0
399,400,1.0
400,401,1.0
401,402,1.0
402,403,0.0
403,404,0.0
404,405,0.0
405,406,0.0
406,407,0.0
407,408,0.0
408,409,0.0
409,410,0.0
410,411,0.0
411,412,0.0
412,413,0.0
413,414,0.0
414,415,0.0
415,416,0.0
416,417,0.0
417,418,0.0
418,419,0.0
419,420,0.0
420,421,0.0
421,422,0.0
422,423,0.0
423,424,0.0
424,425,0.0
425,426,0.0
426,427,0.0
427,428,0.0
428,429,0.0
429,430,0.0
430,431,0.0
431,432,0.0
432,433,0.0
433,434,0.0
434,435,0.0
435,436,441.8421616004822
436,437,395.7619562357735
437,438,450.89476137325516
438,439,454.5790021296051
439,440,478.72224796920534
440,441,608.5715039533575
441,442,573.2000697107062
442,443,549.9375638551493
443,444,530.7647644844931
444,445,565.5882902922184
445,446,511.0555796760559
446,447,513.2105478728579
447,448,463.22731280671513
448,449,445.6087337687062
449,450,382.4074396259774
450,451,350.3448580629604
451,452,373.4643163878797
452,453,348.0333620003201
453,454,340.16131778923926
454,455,337.5483993961021
455,456,321.9687772291566
456,457,0.0
457,458,0.0
458,459,0.0
459,460,0.0
460,461,0.0
461,462,0.0
462,463,0.0
463,464,0.0
464,465,0.0
465,466,0.0
466,467,0.0
467,468,0.0
468,469,0.0
469,470,0.0
470,471,0.0
471,472,0.0
472,473,0.0
473,474,0.0
474,475,0.0
475,476,0.0
476,477,0.0
477,478,0.0
478,479,0.0
479,480,0.0
480,481,0.0
481,482,0.0
482,483,0.0
483,484,0.0
484,485,0.0
485,486,0.0
486,487,0.0
487,488,0.0
488,489,0.0
489,490,0.0
490,491,0.0
491,492,0.0
492,493,0.0
493,494,0.0
494,495,0.0
495,496,0.0
496,497,0.0
497,498,0.0
498,499,0.0
499,500,0.0
500,501,0.0
501,502,0.0
502,503,0.0
503,504,0.0
504,505,0.0
505,506,0.0
506,507,0.0
507,508,0.0
508,509,0.0
509,510,0.0
510,511,0.0
511,512,0.0
512,513,0.0
513,514,0.0
514,515,1.0
515,516,269.67441901180064
516,517,300.50054485330475
517,518,296.1434100074207
518,519,326.1321924234605
519,520,301.71482837614707
520,521,200.80988558409828
521,522,200.82575857144062
522,523,200.80988558409828
523,524,182.40612896150853
524,525,174.58009889003603
525,526,174.48527366161025
526,527,165.38926564709453
527,528,141.59552614582202
528,529,136.58648520076486
529,530,146.6916933982148
530,531,150.923428526781
531,532,158.1413249485791
532,533,151.61569675761027
533,534,167.58007127665758
534,535,167.93978785697752
535,536,239.1824417039209
536,537,1.0
537,538,1.0
538,539,1.0
539,540,1.0
540,541,1.0
541,542,0.0
542,543,0.0
