,trial_index,interconnectivity_strength
0,1,28.75827880345849
1,2,29.68631986848284
2,3,23.015993428599796
3,4,23.455371934885658
4,5,24.705082622601253
5,6,24.14250776136514
6,7,23.812891186120872
7,8,23.229352296763732
8,9,13.646522160211147
9,10,13.110528334570537
10,11,11.91767666878155
11,12,10.836677195258403
12,13,10.597587224822796
13,14,14.800313591087892
14,15,9.205547047923478
15,16,13.784473544085209
16,17,14.195154401020405
17,18,14.292715169011716
18,19,9.217909766543446
19,20,13.338872832370022
20,21,14.076229953656199
21,22,10.09038643892967
22,23,16.03556978567681
23,24,12.280368579400482
24,25,11.64679255833744
25,26,17.65696611998491
26,27,11.26986618726363
27,28,17.775362629670536
28,29,17.45717365062931
29,30,27.01445520554216
30,31,27.80441365237139
31,32,27.535815236899044
32,33,56.07163047379809
33,34,52.2376297062761
34,35,50.86035288837848
35,36,49.0475033797527
36,37,48.54382955649266
37,38,47.62937096509648
38,39,46.172395506063545
39,40,46.1113159854827
40,41,44.61135009856876
41,42,47.59444712185581
42,43,43.56575849202331
43,44,41.526902924345535
44,45,39.26946146463814
45,46,41.311492602132084
46,47,40.960759501542526
47,48,42.74681776749219
48,49,42.45661013948657
49,50,43.102278010228
50,51,41.58132347111111
51,52,39.97409191811683
52,53,0.0
53,54,0.0
54,55,0.0
55,56,0.0
56,57,0.0
57,58,0.0
58,59,0.0
59,60,0.0
60,61,0.0
61,62,0.0
62,63,0.0
63,64,0.0
64,65,0.0
65,66,0.0
66,67,42.41546090282643
67,68,41.66703969799411
68,69,39.572649072765834
69,70,41.02490022792148
70,71,40.634505655604215
71,72,40.76082447162254
72,73,42.128395577642365
73,74,41.79795204795213
74,75,40.750325666068264
75,76,40.25764339573076
76,77,42.87090542876595
77,78,43.93405973266318
78,79,45.239980746990305
79,80,44.26886142023441
80,81,44.26619272422654
81,82,47.523816041216705
82,83,46.63820971681685
83,84,47.41741390117035
84,85,45.86618944094626
85,86,43.54374480243971
86,87,43.4975845098661
87,88,0.0
88,89,0.0
89,90,0.0
90,91,0.0
91,92,0.0
92,93,0.0
93,94,0.0
94,95,0.0
95,96,0.0
96,97,0.0
97,98,0.0
98,99,0.0
99,100,0.0
100,101,0.0
101,102,0.0
102,103,0.0
103,104,0.0
104,105,0.0
105,106,0.0
106,107,0.0
107,108,0.0
108,109,0.0
109,110,0.0
110,111,0.0
111,112,0.0
112,113,0.0
113,114,0.0
114,115,0.0
115,116,0.0
116,117,0.0
117,118,0.0
118,119,0.0
119,120,0.0
120,121,0.0
121,122,0.0
122,123,0.0
123,124,0.0
124,125,0.0
125,126,0.0
126,127,0.0
127,128,0.0
128,129,0.0
129,130,0.0
130,131,0.0
131,132,0.0
132,133,0.0
133,134,0.0
134,135,0.0
135,136,0.0
136,137,0.0
137,138,0.0
138,139,0.0
139,140,0.0
140,141,0.0
141,142,0.0
142,143,0.0
143,144,0.0
144,145,0.0
145,146,0.0
146,147,0.0
147,148,0.0
148,149,0.0
149,150,0.0
150,151,0.0
151,152,0.0
152,153,0.0
153,154,0.0
154,155,0.0
155,156,0.0
156,157,0.0
157,158,0.0
158,159,0.0
159,160,0.0
160,161,0.0
161,162,0.0
162,163,0.0
163,164,0.0
164,165,0.0
165,166,0.0
166,167,0.0
167,168,0.0
168,169,0.0
169,170,0.0
170,171,1.0
171,172,1.0
172,173,1.0
173,174,1.0
174,175,1.0
175,176,1.0
176,177,1.0
177,178,1.0
178,179,1.0
179,180,1.0
180,181,1.0
181,182,1.0
182,183,1.0
183,184,1.0
184,185,1.0
185,186,1.0
186,187,1.0
187,188,1.0
188,189,1.0
189,190,1.0
190,191,1.0
191,192,0.0
192,193,0.0
193,194,0.0
194,195,1.0
195,196,1.0
196,197,1.0
197,198,1.0
198,199,1.0
199,200,1.0
200,201,1.0
201,202,1.0
202,203,1.0
203,204,1.0
204,205,1.0
205,206,1.0
206,207,1.0
207,208,1.0
208,209,1.0
209,210,1.0
210,211,1.0
211,212,1.0
212,213,1.0
213,214,1.0
214,215,1.0
215,216,0.0
216,217,0.0
217,218,0.0
218,219,0.0
219,220,0.0
220,221,0.0
221,222,0.0
222,223,0.0
223,224,0.0
224,225,0.0
225,226,0.0
226,227,0.0
227,228,0.0
228,229,0.0
229,230,0.0
230,231,0.0
231,232,0.0
232,233,0.0
233,234,0.0
234,235,0.0
235,236,0.0
236,237,0.0
237,238,0.0
238,239,0.0
239,240,0.0
240,241,0.0
241,242,0.0
242,243,0.0
243,244,0.0
244,245,0.0
245,246,0.0
246,247,0.0
247,248,0.0
248,249,0.0
249,250,0.0
250,251,0.0
251,252,0.0
252,253,0.0
253,254,0.0
254,255,0.0
255,256,0.0
256,257,0.0
257,258,0.0
258,259,0.0
259,260,0.0
260,261,0.0
261,262,0.0
262,263,0.0
263,264,0.0
264,265,0.0
265,266,0.0
266,267,0.0
267,268,0.0
268,269,0.0
269,270,0.0
270,271,0.0
271,272,0.0
272,273,0.0
273,274,0.0
274,275,0.0
275,276,0.0
276,277,0.0
277,278,0.0
278,279,0.0
279,280,0.0
280,281,40.59097056997203
281,282,37.91485000005154
282,283,35.56785617242106
283,284,68.59017939629238
284,285,67.4354990906251
285,286,32.43898414495328
286,287,63.483292831497025
287,288,29.964199291304947
288,289,29.236601728061597
289,290,57.58247718119968
290,291,58.39287090061702
291,292,57.12545645184851
292,293,58.37367914481418
293,294,27.834550145776145
294,295,55.51725485736401
295,296,27.00351538222503
296,297,51.95806507389227
297,298,55.61133687038743
298,299,57.27482517622479
299,300,31.316510931302368
300,301,69.32581050731989
301,302,0.0
302,303,0.0
303,304,0.0
304,305,0.0
305,306,0.0
306,307,0.0
307,308,0.0
308,309,0.0
309,310,0.0
310,311,0.0
311,312,0.0
312,313,0.0
313,314,0.0
314,315,0.0
315,316,0.0
316,317,0.0
317,318,0.0
318,319,0.0
319,320,0.0
320,321,0.0
321,322,0.0
322,323,0.0
323,324,0.0
324,325,0.0
325,326,0.0
326,327,0.0
327,328,0.0
328,329,0.0
329,330,0.0
330,331,0.0
331,332,0.0
332,333,0.0
333,334,0.0
334,335,0.0
335,336,0.0
336,337,0.0
337,338,0.0
338,339,0.0
339,340,0.0
340,341,0.0
341,342,0.0
342,343,0.0
343,344,0.0
344,345,0.0
345,346,0.0
346,347,0.0
347,348,0.0
348,349,0.0
349,350,0.0
350,351,0.0
351,352,0.0
352,353,0.0
353,354,0.0
354,355,0.0
355,356,0.0
356,357,0.0
357,358,0.0
358,359,0.0
359,360,0.0
360,361,0.0
361,362,0.0
362,363,0.0
363,364,0.0
364,365,0.0
365,366,0.0
366,367,0.0
367,368,0.0
368,369,0.0
369,370,0.0
370,371,0.0
371,372,0.0
372,373,0.0
373,374,0.0
374,375,0.0
375,376,0.0
376,377,0.0
377,378,0.0
378,379,0.0
379,380,0.0
380,381,0.0
381,382,0.0
382,383,0.0
383,384,0.0
384,385,0.0
385,386,0.0
386,387,0.0
387,388,0.0
388,389,0.0
389,390,0.0
390,391,0.0
391,392,0.0
392,393,0.0
393,394,0.0
394,395,0.0
395,396,0.0
396,397,0.0
397,398,0.0
398,399,0.0
399,400,0.0
400,401,0.0
401,402,0.0
402,403,0.0
403,404,0.0
404,405,0.0
405,406,0.0
406,407,0.0
407,408,0.0
408,409,0.0
409,410,0.0
410,411,0.0
411,412,0.0
412,413,0.0
413,414,0.0
414,415,0.0
415,416,0.0
416,417,0.0
417,418,0.0
418,419,0.0
419,420,0.0
420,421,0.0
421,422,0.0
422,423,0.0
423,424,0.0
424,425,0.0
425,426,0.0
426,427,0.0
427,428,0.0
428,429,0.0
429,430,0.0
430,431,0.0
431,432,0.0
432,433,0.0
433,434,0.0
434,435,0.0
435,436,0.0
436,437,0.0
437,438,0.0
438,439,0.0
439,440,0.0
440,441,0.0
441,442,0.0
442,443,0.0
443,444,0.0
444,445,0.0
445,446,0.0
446,447,0.0
447,448,0.0
448,449,0.0
449,450,0.0
450,451,0.0
451,452,0.0
452,453,0.0
453,454,0.0
454,455,0.0
455,456,0.0
456,457,0.0
457,458,0.0
458,459,0.0
459,460,0.0
460,461,0.0
461,462,0.0
462,463,0.0
463,464,0.0
464,465,0.0
465,466,0.0
466,467,0.0
467,468,0.0
468,469,0.0
469,470,0.0
470,471,0.0
471,472,0.0
472,473,0.0
473,474,0.0
474,475,0.0
475,476,0.0
476,477,0.0
477,478,0.0
478,479,0.0
479,480,0.0
480,481,0.0
481,482,0.0
482,483,0.0
483,484,0.0
484,485,0.0
485,486,0.0
486,487,0.0
487,488,0.0
488,489,0.0
489,490,0.0
490,491,0.0
491,492,0.0
492,493,0.0
493,494,0.0
494,495,0.0
495,496,563.8752492798532
496,497,563.8335826316029
497,498,843.5004632374802
498,499,847.6878733131862
499,500,1383.9005856409497
500,501,1801.250868176138
501,502,1792.1257067076106
502,503,1789.8757075966043
503,504,1789.8757075966043
504,505,1790.000873637113
505,506,1790.0007075471738
506,507,1785.12570948077
507,508,1840.625688073372
508,509,1830.3756919291893
509,510,1053.571820929646
510,511,1255.5004482071645
511,512,1549.0005231882242
512,513,1549.1006459531093
513,514,1936.3756540275167
514,515,1549.0005231882242
515,516,1569.4005163840493
516,517,0.0
517,518,0.0
518,519,0.0
519,520,0.0
520,521,0.0
521,522,0.0
522,523,1291.667010841503
523,524,1283.4169318354116
524,525,1283.5003463653397
525,526,1283.417013054491
526,527,1187.8463979515063
527,528,1187.8463979515063
528,529,1161.3079419917567
529,530,1006.3335497262026
530,531,1006.4002826543064
531,532,909.4377748952027
532,533,824.8825584418889
533,534,831.7649096830226
534,535,744.1581329224687
535,536,785.5558069737097
536,537,750.0001809152824
537,538,849.7649664697311
538,539,798.7224115151878
539,540,756.631758277544
540,541,384.1842987075142
541,542,405.6112326935028
542,543,292.098123256805
543,544,1.0
544,545,1.0
545,546,1.0
546,547,1.0
547,548,1.0
548,549,1.0
549,550,1.0
550,551,1.0
551,552,1.0
552,553,65.01286041326911
553,554,63.04625824309626
554,555,61.697519603894214
555,556,70.242903049953
556,557,55.1289454622688
557,558,50.366705188395436
558,559,49.78522414875443
559,560,53.41274015938002
560,561,60.476902147338365
561,562,64.09319050894607
562,563,58.39478356343604
563,564,64.6667227055574
564,565,90.2500762427564
565,566,97.70596136962196
566,567,78.60500732760909
567,568,101.38104113966247
568,569,101.33342213342245
569,570,98.63711647895852
570,571,109.51291587693207
571,572,105.85959634381148
572,573,91.3572225542933
573,574,143.58894360237068
574,575,157.7381524467437
575,576,138.30213324474056
576,577,134.8235747543717
577,578,1.0
578,579,1.0
579,580,1.0
580,581,1.0
581,582,1.0
582,583,1.0
583,584,1.0
584,585,1.0
585,586,1.0
586,587,1.0
587,588,1.0
588,589,1.0
589,590,1.0
590,591,1.0
