,trial_index,interconnectivity_strength
0,1,32.100650282673065
1,2,31.635167430312972
2,3,30.696998722860638
3,4,31.316926004839484
4,5,30.98419728571276
5,6,29.295384536912245
6,7,30.116429092873084
7,8,30.967366447546688
8,9,29.747391955981374
9,10,29.373742451298597
10,11,29.928230516376136
11,12,43.07220360522769
12,13,41.631266587950314
13,14,40.71721773978359
14,15,45.40798979523258
15,16,46.78443559221629
16,17,48.17246434819215
17,18,48.35773554652094
18,19,0.0
19,20,0.0
20,21,0.0
21,22,0.0
22,23,0.0
23,24,0.0
24,25,0.0
25,26,0.0
26,27,0.0
27,28,0.0
28,29,0.0
29,30,0.0
30,31,53.39345034870993
31,32,50.95492612144347
32,33,50.04565159271033
33,34,51.403442271160465
34,35,49.56277983655879
35,36,46.173738337267544
36,37,46.100887412864935
37,38,44.950461500653155
38,39,45.40285571552536
39,40,44.87923978350204
40,41,45.637693682538014
41,42,48.53006973339079
42,43,48.666682219733694
43,44,24.22259948859743
44,45,22.635356172431436
45,46,22.85100024831727
46,47,24.1149419364016
47,48,22.44627496969613
48,49,20.317715884470772
49,50,9.935316233784755
50,51,9.862742517008526
51,52,13.279218954142499
52,53,14.064699218931093
53,54,15.030810619439013
54,55,15.171233936714124
55,56,9.173910879269384
56,57,9.345737494702115
57,58,9.28693185273638
58,59,6.948148579815318
59,60,4.915888357322442
60,61,4.207939643054197
61,62,4.321267654074139
62,63,4.203854961899381
63,64,3.4886018991732297
64,65,4.240864226052649
65,66,2.666674873250167
66,67,4.79777799816828
67,68,6.058064842761897
68,69,6.367054104176308
69,70,7.564080330925296
70,71,11.708642455218405
71,72,7.981753393903832
72,73,10.192631670956688
73,74,13.548230415237215
74,75,12.084577301396765
75,76,14.500534418563513
76,77,19.938414635791506
77,78,18.067764997683284
78,79,20.882162586968025
79,80,38.13574160130662
80,81,24.223311668952455
81,82,37.24343628369373
82,83,37.43808347303215
83,84,37.59885563895136
84,85,24.896943896624045
85,86,24.78431652372816
86,87,39.246799559905796
87,88,33.37141712455912
88,89,32.0853791030368
89,90,31.20398936053857
90,91,41.107405984735934
91,92,40.700869420533714
92,93,40.19031911401352
93,94,29.067882889792514
94,95,61.666674822159344
95,96,58.05985478509438
96,97,29.41631196792349
97,98,31.54529998656785
98,99,33.04428006363982
99,100,31.959756813129527
100,101,40.16670892494934
101,102,14.89645701191166
102,103,15.581969192138708
103,104,25.37228358741061
104,105,19.86705483314382
105,106,19.381517669469396
106,107,16.26716317188053
107,108,16.666125630022822
108,109,17.227557939512145
109,110,26.251056871703696
110,111,16.804599064841142
111,112,17.798675373260508
112,113,27.10969410910388
113,114,24.93555921542654
114,115,17.82188289731617
115,116,19.116775133048954
116,117,19.44379110459346
117,118,19.46415267097076
118,119,15.072382779498827
119,120,16.767096384185006
120,121,13.63802433196121
121,122,15.992809560151072
122,123,18.563848140480204
123,124,21.76054947883626
124,125,22.527637739929535
125,126,28.49716432507991
126,127,24.9746256572612
127,128,21.96083760351831
128,129,20.938601546690716
129,130,19.245719516625183
130,131,15.663851519860138
131,132,11.94515508940412
132,133,11.644456281426796
133,134,14.997153207257956
134,135,13.951295378447355
135,136,14.425179350327802
136,137,16.198979608100153
137,138,12.105245005740267
138,139,17.425134882424295
139,140,17.814122598435986
140,141,17.347493764285897
141,142,11.711053102085966
142,143,11.286779528384812
143,144,7.365903972853151
144,145,8.075474904081476
145,146,6.5801047010491605
146,147,6.257133433251485
147,148,8.949223264053643
148,149,7.983413063540366
149,150,6.293966602136463
150,151,9.12550373323973
151,152,9.276777624581426
152,153,12.821365722177726
153,154,10.474876297262142
154,155,9.958590464454725
155,156,7.174005620556437
156,157,7.161582628905764
157,158,10.542651967238896
158,159,14.384864456025044
159,160,12.667264688675008
160,161,12.92658319689093
161,162,12.672504124685737
162,163,12.666102442012924
163,164,14.454558212985434
164,165,7.737215497279644
165,166,7.44630728480265
166,167,9.22537050255258
167,168,16.401008168299803
168,169,31.48726521202762
169,170,32.2462020881058
170,171,22.77832293946769
171,172,27.512288446360664
172,173,22.177181050312313
173,174,22.013643298539176
174,175,20.186416651382018
175,176,18.407510529167485
176,177,15.512879231942264
177,178,15.221749315818217
178,179,20.14083550532464
179,180,7.939744365214526
180,181,14.67739571013491
181,182,7.414732399228476
182,183,12.587490060959341
183,184,15.464587349612074
184,185,15.942825301112638
185,186,16.317878421796866
186,187,14.521630935328062
187,188,12.71968619084509
188,189,12.548979587529589
189,190,10.49103886620849
190,191,12.959501937591776
191,192,14.057321915993544
192,193,12.440129775245925
193,194,11.479525924889604
194,195,11.675493090874133
195,196,11.576812152185925
196,197,10.43891010032138
197,198,12.197594361724523
198,199,7.535470384170457
199,200,10.26130076150017
200,201,11.484101271699286
201,202,12.30021009411577
202,203,10.267645895107314
203,204,11.13156002875632
204,205,9.796929428384521
205,206,11.737331626490338
206,207,9.258787532554646
207,208,9.644425703826597
208,209,9.610966326913493
209,210,11.11655754910295
210,211,12.886756852475777
211,212,12.582095601050915
212,213,16.014796172911275
213,214,19.341910543755564
214,215,16.378318559697888
215,216,17.66152812963885
216,217,17.574046016646207
217,218,23.192176471483116
218,219,18.798365359900387
219,220,32.74193204914221
220,221,26.791537620417923
221,222,16.307953026350802
222,223,19.95216689962013
223,224,15.400286666397497
224,225,15.889357073145227
225,226,16.14039351293009
226,227,16.35411216594763
227,228,16.016030274460626
228,229,16.43886908886923
229,230,22.064305660209854
230,231,22.46105455143791
231,232,28.025870322342293
232,233,26.995312151800462
233,234,20.75558213640836
234,235,20.996253983454114
235,236,26.259004120909974
236,237,21.870848051699348
237,238,21.36635467648264
238,239,20.159844337762255
239,240,20.05764400227293
240,241,20.49310633631338
241,242,25.802176913851174
242,243,41.97875271086136
243,244,42.923942979762046
244,245,44.8983360437983
245,246,22.64064901632491
246,247,44.596424921716114
247,248,41.90119873050024
248,249,61.53143834561665
249,250,64.97478619670684
250,251,0.0
251,252,0.0
252,253,25.160306808626412
253,254,11.565453766749068
254,255,23.18688288719644
255,256,7.106074667375949
256,257,23.80757730289896
257,258,11.078250738466055
258,259,18.65350244225746
259,260,17.200393621320355
260,261,20.543095908844506
261,262,20.819190294983997
262,263,22.878326270724585
263,264,14.37746083986667
264,265,13.041903504745385
265,266,9.593813517323865
266,267,17.734809860968305
267,268,15.06830115277997
268,269,12.539769613457219
269,270,24.076763716558073
270,271,24.170610271737104
271,272,23.38972234306731
272,273,14.44224232463877
273,274,17.961071829806325
274,275,25.435783991015608
275,276,44.32486387641413
276,277,36.15932180806775
277,278,49.32262726086191
278,279,81.57767639090868
279,280,0.0
280,281,316.41409713125364
281,282,327.8574576402938
282,283,281.3127217786668
283,284,244.88914358664604
284,285,109.1056672391161
285,286,247.82381161419698
286,287,171.46208938778358
287,288,160.8397919072401
288,289,175.44494367999098
289,290,180.5931402647019
290,291,372.0772448476999
291,292,388.3464621474521
292,293,133.00038471778547
293,294,125.94905047670942
294,295,125.57725658482812
295,296,120.33363329583888
296,297,228.80661489894496
297,298,207.58601734821883
298,299,112.55236035704506
299,300,118.33361420163533
300,301,141.61568050893712
301,302,219.3004661749965
302,303,223.32045779685097
303,304,266.68231351485167
304,305,315.89529777816614
305,306,1.0
306,307,1.0
307,308,1.0
308,309,1.0
309,310,1.0
310,311,1.0
311,312,1.0
312,313,1.0
313,314,0.0
314,315,0.0
315,316,0.0
316,317,0.0
317,318,0.0
318,319,0.0
319,320,0.0
320,321,0.0
321,322,0.0
322,323,0.0
323,324,0.0
324,325,0.0
325,326,0.0
326,327,0.0
327,328,0.0
328,329,0.0
329,330,0.0
330,331,0.0
331,332,0.0
332,333,0.0
333,334,0.0
334,335,0.0
335,336,0.0
336,337,0.0
337,338,0.0
338,339,0.0
339,340,0.0
340,341,0.0
341,342,758.6125819989409
342,343,767.8903419794157
343,344,816.4721204738545
344,345,787.1190734039382
345,346,800.7662682200629
346,347,800.7662682200629
347,348,776.7073278458087
348,349,876.0685012959342
349,350,454.8674584555217
350,351,369.02853271098536
351,352,346.4217002326534
352,353,323.1256981511549
353,354,339.5796835742516
354,355,349.42176810077586
355,356,399.70666386678573
356,357,399.70666386678573
357,358,441.87579816400086
358,359,481.8674140715122
359,360,451.7195307633788
360,361,435.1183649524729
361,362,422.677209618446
362,363,1.0
363,364,1.0
364,365,1.0
365,366,1.0
366,367,1.0
367,368,1.0
368,369,1.0
369,370,1.0
370,371,0.0
371,372,0.0
372,373,0.0
373,374,0.0
374,375,0.0
375,376,0.0
376,377,0.0
377,378,0.0
378,379,0.0
379,380,0.0
380,381,0.0
381,382,0.0
382,383,0.0
383,384,0.0
384,385,0.0
385,386,0.0
386,387,0.0
387,388,0.0
388,389,0.0
389,390,0.0
390,391,0.0
391,392,0.0
392,393,0.0
393,394,0.0
394,395,0.0
395,396,0.0
396,397,0.0
397,398,0.0
398,399,0.0
399,400,0.0
400,401,0.0
401,402,0.0
402,403,0.0
403,404,0.0
404,405,0.0
