,trial_index,interconnectivity_strength
0,1,92.55006795724113
1,2,88.52279089343094
2,3,91.48174520069878
3,4,89.59411926353422
4,5,98.98286371835498
5,6,93.3011866619192
6,7,94.06561821528149
7,8,99.64620187304837
8,9,100.62596689356391
9,10,93.08415833415924
10,11,91.8165398526262
11,12,87.80341607110621
12,13,59.063606839070424
13,14,54.32075632900174
14,15,43.54876301012594
15,16,39.08964134570894
16,17,40.8479184465739
17,18,62.84267873775719
18,19,64.54636051479675
19,20,59.85973022704105
20,21,48.44083245041038
21,22,48.236885260339406
22,23,53.75718859681834
23,24,56.0956347188601
24,25,56.74247303476378
25,26,55.360341208761525
26,27,61.30650285269725
27,28,50.860042069113526
28,29,48.99358925704254
29,30,46.169735194654706
30,31,50.258104376049886
31,32,48.88753843498976
32,33,52.22005355424429
33,34,58.61295678521185
34,35,78.65598523650445
35,36,1.0
36,37,1.0
37,38,1.0
38,39,1.0
39,40,1.0
40,41,1.0
41,42,1.0
42,43,112.14036176554667
43,44,95.45455498080425
44,45,94.00002176941904
45,46,100.20635917057702
46,47,105.10002358490671
47,48,105.25002355157837
48,49,106.71668989726967
49,50,112.52634021248035
50,51,130.02084659241697
51,52,138.04447643932528
52,53,162.00003633588994
53,54,139.08892064500156
54,55,149.02384356443176
55,56,107.45001025167862
56,57,153.50003305347934
57,58,102.06350184805959
58,59,85.3333415752327
59,60,83.88001886792493
60,61,73.43182512568399
61,62,67.60870254473278
62,63,66.20834787723723
63,64,1.0
64,65,1.0
65,66,1.0
66,67,1.0
67,68,1.0
68,69,1.0
69,70,1.0
70,71,1.0
71,72,1.0
72,73,1.0
73,74,1.0
74,75,1.0
75,76,1.0
76,77,1.0
77,78,1.0
78,79,1.0
79,80,1.0
80,81,1.0
81,82,1.0
82,83,1.0
83,84,1.0
84,85,1.0
85,86,1.0
86,87,1.0
87,88,1.0
88,89,1.0
89,90,1.0
90,91,1.0
91,92,1.0
92,93,41.68013422974645
93,94,41.77039212942202
94,95,42.83118819325602
95,96,35.54178054339281
96,97,50.77290815457976
97,98,52.069931071157455
98,99,52.82334821614246
99,100,76.31059179452336
100,101,73.77526941865281
101,102,78.27704407466504
102,103,77.63422269625919
103,104,65.00023764258664
104,105,51.2426282390639
105,106,50.994120921392316
106,107,48.94137751126923
107,108,57.441444982086466
108,109,35.691344846002664
109,110,32.23060031115771
110,111,34.37950951177189
111,112,40.230117679255564
112,113,39.35653232039125
113,114,36.618409910180894
114,115,36.82810735503529
115,116,35.11471075202663
116,117,34.27792006597527
117,118,38.00571126682247
118,119,30.884373296193807
119,120,29.405518620941113
120,121,24.698940116587018
121,122,29.395384961223094
122,123,24.551148777867812
123,124,21.414397750137258
124,125,23.316706351942518
125,126,27.968606354284734
126,127,29.976334575825344
127,128,27.51765831735019
128,129,26.07512622359623
129,130,35.23308333214085
130,131,32.29717086283792
131,132,28.56505103528704
132,133,26.412509387404533
133,134,25.279381943336972
134,135,34.44857952628366
135,136,33.21699431828472
136,137,32.64006495515529
137,138,45.28714533424791
138,139,46.39012018105166
139,140,51.30996102596923
140,141,48.18879334406843
141,142,48.594587256768705
142,143,49.384397399391695
143,144,25.684838414702302
144,145,25.730395782366944
145,146,21.947543212274073
146,147,17.74423785174025
147,148,15.354752001255736
148,149,16.355963638186193
149,150,12.936956258741466
150,151,12.768192233298503
151,152,15.836011007921522
152,153,16.55805345692334
153,154,13.480396815213457
154,155,13.571561973686297
155,156,12.88668252689204
156,157,29.479347260749044
157,158,15.332661795118488
158,159,41.117004669216776
159,160,35.61460420091832
160,161,17.575956610439533
161,162,24.08777866020148
162,163,23.825281626675505
163,164,40.34041945334336
164,165,45.580871969190724
165,166,54.0362404388781
166,167,28.638373131341062
167,168,28.62408755188941
168,169,60.09541835191724
169,170,65.87774004274108
170,171,35.589195174098904
171,172,70.71656304798313
172,173,75.70068287258317
173,174,54.035257489533535
174,175,35.900340582102764
175,176,74.26342060110503
176,177,81.88188089746342
177,178,30.571689349283094
178,179,29.572972623966965
179,180,37.25668670951671
180,181,39.96462054787144
181,182,39.820801478954984
182,183,34.07853034651883
183,184,35.48005173516675
184,185,20.941491188951932
185,186,46.948512506096684
186,187,25.23282370444289
187,188,47.471091794847766
188,189,24.18017744654444
189,190,25.600858877374094
190,191,23.35641120711904
191,192,15.744197074313758
192,193,26.30604473038221
193,194,17.613291110360628
194,195,17.575928683774556
195,196,16.519008820542417
196,197,14.772646425667705
197,198,11.03389576756643
198,199,11.274466349256612
199,200,10.552903158037244
200,201,11.272104110500317
201,202,10.981472343335843
202,203,10.179185470979922
203,204,11.149615567351217
204,205,9.649051373906913
205,206,8.606091933093222
206,207,7.893907632145509
207,208,14.267654751525798
208,209,12.33286351912198
209,210,11.754148526788489
210,211,10.85976401786766
211,212,11.077818816045943
212,213,12.371874999999955
213,214,14.676983705949363
214,215,13.292683776663495
215,216,13.07823211469733
216,217,12.929404598931573
217,218,14.810138573284503
218,219,8.28299491534892
219,220,7.563025048413855
220,221,8.288692926620204
221,222,9.130481634182829
222,223,9.450258774190987
223,224,8.427542609853443
224,225,7.600998469855248
225,226,7.731661948894765
226,227,8.473605115479906
227,228,6.612118643651932
228,229,8.212878608570907
229,230,9.575781359818723
230,231,8.714149681664725
231,232,10.47833741673166
232,233,10.356731039858012
233,234,10.263063219018042
234,235,11.954635642135681
235,236,13.69274455796977
236,237,11.982785096511888
237,238,10.393404145839458
238,239,10.928769294473696
239,240,11.693924779469477
240,241,13.568836518656957
241,242,12.276279478621666
242,243,12.404834561457704
243,244,10.486385914803337
244,245,11.68189665695901
245,246,15.208780300633862
246,247,13.648128424980381
247,248,14.40792008381409
248,249,16.23766765912927
249,250,16.583724696970332
250,251,14.878559060281772
251,252,14.984012283780272
252,253,14.461564781220192
253,254,9.858512369949679
254,255,11.216572411433157
255,256,19.38098026095692
256,257,20.42145509423568
257,258,10.332116471799237
258,259,23.677448701695315
259,260,22.947328136468947
260,261,22.608723418374666
261,262,9.646488755690289
262,263,9.751234779997338
263,264,17.73847976307983
264,265,18.143179198318503
265,266,17.614925521907214
266,267,16.63291167088333
267,268,16.79711847731496
268,269,15.10728938519905
269,270,20.446626505756477
270,271,23.1652758334392
271,272,19.923562451340395
272,273,18.523914831798873
273,274,20.41080617947192
274,275,26.631740573841178
275,276,26.83064284025828
276,277,14.299341975534356
277,278,8.666711139295412
278,279,7.0747318022622885
279,280,10.965873463661206
280,281,6.633374066852583
281,282,6.434353221163283
282,283,13.431260341843393
283,284,9.709969456473404
284,285,8.707267903614493
285,286,8.689355926918
286,287,9.49347773379327
287,288,8.249242703733318
288,289,7.317610849811619
289,290,5.439951940207657
290,291,6.62931741384567
291,292,5.921438620715228
292,293,7.5293895585827615
293,294,5.964349788459596
294,295,5.748154585261298
295,296,6.199114243995023
296,297,4.666567842940358
297,298,5.42637912440727
298,299,5.860521929570891
299,300,5.794413296487004
300,301,5.199616934782095
301,302,4.517041869882907
302,303,4.32612459492719
303,304,3.902261303250831
304,305,3.2514655383794544
305,306,3.3758704737543863
306,307,3.0453143299491825
307,308,3.884023658704787
308,309,3.4267471157399836
309,310,3.561590299723232
310,311,3.897570546345723
311,312,3.6840768658202343
312,313,3.4649448650516033
313,314,3.7579880618674837
314,315,4.003750312109838
315,316,3.7955022735158677
316,317,3.7181275079769542
317,318,4.208854829156588
318,319,4.0310442595358165
319,320,4.3590798024240645
320,321,3.134788123077139
321,322,3.9797516052776762
322,323,3.4225106023361
323,324,2.865527209778829
324,325,3.3843533308987315
325,326,3.148924930737657
326,327,3.588371408193502
327,328,3.2522124230338365
328,329,3.1883654349210375
329,330,3.1445078720504167
330,331,3.228117630349341
331,332,3.6532066834326704
332,333,3.5044092591127503
333,334,3.933902880675237
334,335,3.789707016377598
335,336,2.7342671598724078
336,337,5.235297551294354
337,338,4.074336629753404
338,339,5.04208858313365
339,340,4.07656123871677
340,341,6.323683055485069
341,342,4.4879171657628705
342,343,4.3943970428353545
343,344,5.219527546967092
344,345,5.066679547903794
345,346,4.61112208136776
346,347,3.8765441125299294
347,348,4.165887559894388
348,349,4.6044844530504365
349,350,4.0223602176064714
350,351,4.167320916598232
351,352,4.087682918621159
352,353,3.6825631909705656
353,354,4.576207467351717
354,355,4.6325965139029215
355,356,3.8954666946844343
356,357,4.218967348454855
357,358,4.863509747867949
358,359,4.042775266703871
359,360,2.907591421069312
360,361,4.43265171104556
361,362,5.48293593539527
362,363,4.448443784752214
363,364,4.625303496432044
364,365,5.115695498581031
365,366,4.423861261912837
366,367,4.1326046961464735
367,368,4.86191780260895
368,369,4.752389132705853
369,370,3.9023916515720884
370,371,4.359092395950837
371,372,4.632779840068239
372,373,4.361579505432623
373,374,4.114724404116955
374,375,4.715494497903219
375,376,4.660364478006215
376,377,5.184766720657388
377,378,5.292060958608914
378,379,4.932429200079557
379,380,5.480923379847941
380,381,4.557455676818653
381,382,4.341455200353765
382,383,4.344262644473315
383,384,4.2121430874316665
384,385,3.1870359770618655
385,386,3.7233502275900254
386,387,3.4511346336517437
387,388,3.874298637477482
388,389,4.223331434534518
389,390,3.7657437756896717
390,391,3.688131174823505
391,392,4.240419967327987
392,393,3.5629882469098506
393,394,3.924251095177548
394,395,3.4467086507395197
395,396,3.604502417247264
396,397,3.7504875867833936
397,398,3.944670952635282
398,399,3.2299531606146696
399,400,3.199239275176345
400,401,2.7753854710606554
401,402,3.129185281233084
402,403,3.2522656596952375
403,404,3.471637369514042
404,405,3.2048000445970737
405,406,3.3421432552723886
406,407,3.1313374229566677
407,408,4.042115214540617
408,409,3.4969944952788383
409,410,3.486020331715445
410,411,9.93792319922581
411,412,10.16295421572273
412,413,8.92450851251993
413,414,10.309946481921552
414,415,10.082699873586469
415,416,10.136370328113651
416,417,12.002929937762273
417,418,9.855893899204226
418,419,10.609826455196444
419,420,9.043505201139695
420,421,9.931217571774562
421,422,10.41491552783743
422,423,10.722759162873094
423,424,10.364016059105507
424,425,11.145070198761216
425,426,14.11831939468887
426,427,9.38583696029011
427,428,10.60396239001846
428,429,7.916755863113744
429,430,10.18659842806371
430,431,4.730819709364328
431,432,5.663353831994634
432,433,6.6554085093209885
433,434,6.569954183105715
434,435,5.7073938805562126
435,436,5.425189964657622
436,437,5.1076205531892676
437,438,6.597304331130545
438,439,7.243646710678168
439,440,7.986954573490007
440,441,8.399077451585848
441,442,7.62846001134845
442,443,8.121780621382976
443,444,9.275590316387802
444,445,10.895955945822383
445,446,8.719970012069517
446,447,8.849672521064505
447,448,11.81367952719312
448,449,10.274321381955627
449,450,9.105781998027457
450,451,7.852116407022204
451,452,9.05758335895702
452,453,7.968990897024722
453,454,9.39908861116
454,455,9.877346574253293
455,456,8.417802783062161
456,457,9.071445159423995
457,458,8.560664133377836
458,459,10.5183867169684
459,460,10.03560878065141
460,461,7.493896580257147
461,462,9.434141726800446
462,463,11.561995631643619
463,464,10.124488589952083
464,465,9.462229787233966
465,466,12.196746574048275
466,467,11.959732412977786
467,468,12.641630934694437
468,469,13.320005375308954
469,470,13.461269713226384
470,471,14.06480841231896
471,472,12.314889305645112
472,473,15.196346996067094
473,474,16.22691998220868
474,475,18.041893067272266
475,476,19.53119950921872
476,477,20.4827252476269
477,478,21.108728613287923
478,479,22.368433317464504
479,480,32.62634602104081
480,481,36.20249456081433
481,482,122.10018322475561
482,483,138.90236436956286
483,484,155.9636283170726
484,485,157.95083353757556
485,486,164.55576316226362
486,487,179.49371720002176
487,488,178.38689014699702
488,489,91.44010841283695
489,490,91.92578645832434
490,491,1.0
491,492,1.0
492,493,1.0
493,494,1.0
494,495,1.0
495,496,28.546872509902645
496,497,31.75607363071343
497,498,35.62605021335218
498,499,42.123855423944384
499,500,47.10421588954841
500,501,50.68821412253585
501,502,47.31654439474525
502,503,47.255938392124435
503,504,47.255938392124435
504,505,44.49845619828796
505,506,47.259305392265986
506,507,47.12461900847711
507,508,48.622940485754526
508,509,51.530513974770265
509,510,60.537555401035206
510,511,66.33040725339607
511,512,54.37504522840403
512,513,57.72731408607252
513,514,57.72732069989173
514,515,65.83195113772778
515,516,73.80482142477582
516,517,0.0
517,518,0.0
518,519,0.0
519,520,0.0
520,521,0.0
521,522,0.0
522,523,0.0
523,524,0.0
524,525,0.0
525,526,0.0
526,527,0.0
527,528,0.0
528,529,0.0
529,530,0.0
530,531,0.0
531,532,0.0
532,533,0.0
533,534,0.0
534,535,0.0
535,536,0.0
536,537,0.0
537,538,0.0
538,539,0.0
539,540,0.0
540,541,0.0
541,542,0.0
542,543,0.0
543,544,0.0
544,545,0.0
545,546,0.0
546,547,0.0
547,548,0.0
548,549,0.0
549,550,0.0
550,551,0.0
551,552,0.0
552,553,0.0
553,554,0.0
554,555,0.0
555,556,0.0
556,557,0.0
557,558,0.0
558,559,0.0
559,560,0.0
560,561,0.0
561,562,0.0
562,563,0.0
563,564,0.0
564,565,0.0
565,566,0.0
566,567,0.0
567,568,0.0
568,569,0.0
569,570,0.0
570,571,0.0
571,572,0.0
572,573,0.0
573,574,0.0
574,575,0.0
575,576,0.0
576,577,0.0
577,578,0.0
578,579,0.0
579,580,0.0
580,581,0.0
581,582,0.0
582,583,0.0
583,584,0.0
584,585,0.0
585,586,0.0
586,587,0.0
587,588,0.0
588,589,0.0
589,590,0.0
590,591,0.0
