trial_index,pfc_mag_standardized,dms_mag_standardized,prpd_standardized,pfc_mag_filtered,dms_mag_filtered,prpd_filtered,pfc_phase,dms_phase,prpd_phase
1,-0.36978286136324856,-0.06164805823079528,-0.2012563520622038,-0.5640590415960339,-0.04341362164905933,-0.2723474248244271,2.664562848877819,1.6118063883205997,1.661045179936978
2,-1.2238619863183646,-0.4294814723412067,1.7639288994930096,-0.48515845088785764,-0.055847614567372965,-0.28165187277745835,-2.6610280549771996,1.64086110419698,1.7034369659657327
3,-1.2238619863183646,-0.06164805823079528,0.7813362737154029,-0.4081461883270471,-0.06814372696965465,-0.2925531891433235,-2.5337301009335285,1.6555730854483455,1.707001062442902
4,-0.36978286136324856,-0.4294814723412067,0.45380539845620066,-0.3331877399020138,-0.08027875804165831,-0.3050839939253053,-2.1913784771612526,1.6824815668235786,1.7342249927683278
5,2.4771475551538042,-0.4294814723412067,0.29003996082659955,-0.2604359890435063,-0.0922304394996857,-0.31926708006050963,-2.0714478427729195,1.6983765593918407,1.7396350656526383
6,0.48429626359186734,-0.4294814723412067,0.19178069824883892,-0.19003050911566985,-0.10397751651524312,-0.33511483745504433,-1.8894994479512413,1.7254846402757578,1.764235592360646
7,1.6230684301986884,-0.4294814723412067,0.45380539845620066,-0.1220969781425474,-0.11549981225176367,-0.3526287868500744,-1.7810793802559495,1.7419943610489326,1.7715874395935258
8,-0.6544759030149538,-0.4294814723412067,0.36022514838214287,-0.05674672289407938,-0.12677827507207848,-0.37179923403625564,-1.660308179248941,1.769471500193487,1.7961438866427217
9,0.7689893052435725,0.30618535587961615,0.29003996082659955,0.005923603951449103,-0.13779500855249244,-0.3926050522527097,-1.561214545964184,1.7863150557786787,1.8054685780840987
10,-0.08508981971154314,-0.4294814723412067,0.23545148161673252,0.06583221374927377,-0.1485332855105928,-0.41501359814106,-1.4704638011018232,1.8141144879380025,1.830946880441839
11,0.48429626359186734,-0.4294814723412067,0.19178069824883892,0.12291224223058392,-0.1589775481169247,-0.43898076413943404,-1.378707446854822,1.8311189329781925,1.8422155036955765
12,-0.6544759030149541,-0.4294814723412067,-0.004737826906682428,0.1771116854792423,-0.16911339670452286,-0.4644511676793973,-1.3051098249279398,1.8591606270839147,1.8690342959410056
13,0.7689893052435728,1.0418521841004393,-0.004737826906682428,0.2283932178205396,-0.17892757023273748,-0.4913584750862192,-1.2192704499703828,1.8762058319556012,1.8821710350974228
14,0.1996032219401621,-0.06164805823079528,-0.004737826906682428,0.2767338983745087,-0.18840792166125514,-0.5196258557666253,-1.1565153743268906,1.9044093621543499,1.910494879909411
15,-0.36978286136324856,-0.06164805823079528,-0.004737826906682428,0.32212477310297116,-0.19754339159028775,-0.5491665601376509,-1.0755948344962212,1.9214046719444777,1.9253907688962213
16,2.192454513502099,-0.4294814723412067,-0.004737826906682428,0.36457037905288797,-0.20632398308437072,-0.5798846127837326,-1.020207058315313,1.9496953563611812,1.9552466444498662
17,-0.9391689446666592,-0.4294814723412067,-0.004737826906682428,0.4040881574109356,-0.21474073966692506,-0.6116756104436981,-0.9434899935344411,1.966567553624111,1.9717719073647708
18,-0.9391689446666591,-0.06164805823079528,-0.004737826906682428,0.4407077820913156,-0.22278572758516407,-0.6444276125257722,-0.8933891447766916,1.9948763427639635,2.0031073706567195
19,1.907761471850394,-0.4294814723412067,-0.9873304526842892,0.4744704107770141,-0.2304520230583876,-0.6780221098769789,-0.8203488273948033,2.011562571010513,2.0211216456909966
20,0.1996032219401621,-0.06164805823079528,-0.9873304526842892,0.5054278652098744,-0.23773370531813937,-0.7123350555646152,-0.7742076557411447,2.0398244394927856,2.0538383560854245
21,2.7618405968055098,1.0418521841004391,-0.9873304526842892,0.533641746898552,-0.24462585650233537,-0.7472379397266785,-0.7044447515760441,2.056267660153731,2.0731987215841974
22,-0.08508981971154334,-0.06164805823079528,-1.3148613279434913,0.5591824939405654,-0.2511245695281629,-0.7825988894962795,-0.6613714836859987,2.084419806787455,2.107173462536539
23,1.907761471850394,-0.4294814723412067,-1.4786267655730927,0.5821283852612325,-0.25722696463181743,-0.8182837748230799,-0.5945735219515703,2.100565748791238,2.1277404704735403
24,0.19960322194016192,-0.4294814723412067,-1.5768860281508534,0.6025645003860965,-0.2629312142064506,-0.8541573016178117,-0.5539411023546423,2.128546065371097,2.1628389244586113
25,-1.2238619863183646,-0.06164805823079528,-1.5768860281508534,0.6205816451512002,-0.26823657422963276,-0.890084074833365,-0.48985483000343366,2.14434127217859,2.184480940065434
26,1.907761471850394,-0.4294814723412067,-1.3148613279434913,0.6362752556029113,-0.2731434195641279,-0.9259296157449561,-0.45120281073586066,2.172087345049524,2.2205668604649955
27,2.192454513502099,-0.4294814723412067,-1.4084415780175492,0.64974429314971,-0.2776532800317424,-0.9615613196886831,-0.3896148016540747,2.187478185379742,2.2431630194382857
28,-0.08508981971154314,-0.4294814723412067,-1.4786267655730927,0.6610901439252567,-0.2817688741976809,-0.9968493426464871,-0.35258985513984276,2.214926948512036,2.2801043119044975
29,-1.2238619863183646,-0.4294814723412067,-1.5332152447829597,0.6704155352139198,-0.28549413799952694,-1.0316674070852698,-0.2933126159271873,2.2298594663479667,2.303546392899566
30,1.0536823468952783,-0.4294814723412067,-1.5768860281508534,0.6778234823178299,-0.2888342456612709,-1.0658935192648877,-0.25763088991173044,2.256947482159752,2.3412190683795866
31,0.7689893052435725,-0.06164805823079528,-1.7734045533063747,0.6834162797558933,-0.29179562076537574,-1.0994105918950863,-0.2004928163669157,2.2713679387242633,2.3654125521318345
32,-0.6544759030149541,-0.4294814723412067,-1.7734045533063747,0.6872945501537021,-0.29438593583990286,-1.1321069676835465,-0.16591540216147652,2.298032225881494,2.4037032080110463
33,0.7689893052435728,-0.4294814723412067,-1.7734045533063747,0.6895563627064539,-0.2966140992225403,-1.1638768410806826,-0.11075362739486512,2.311888201329893,2.428567749560069
34,-0.6544759030149541,-0.4294814723412067,-1.5768860281508532,0.6902964314757057,-0.29849022821923143,-1.1946205774372616,-0.07707037435771469,2.3380675275005265,2.4673750297949653
35,1.6230684301986888,-0.4294814723412067,-1.5768860281508532,0.6896054022612267,-0.3000256077493604,-1.224244930815399,-0.02372589882640421,2.3513094832767374,2.492844507147855
36,0.48429626359186734,-0.4294814723412067,-1.3803675029953322,0.6875692351691236,-0.30123263390562266,-1.252663163699933,0.009255174940194242,2.3769460584495654,2.5320798399610855
37,0.19960322194016192,-0.06164805823079528,-1.3803675029953322,0.6842686884200919,-0.3021247422221063,-1.2797950736595531,0.060940478415070824,2.3895292773811185,2.5581020847173415
38,-0.9391689446666591,-0.4294814723412067,-1.5768860281508532,0.6797789078095259,-0.30271632086885925,-1.3055669334602096,0.09339981956891345,2.4145707701376624,2.597689895069687
39,-0.9391689446666595,-0.4294814723412067,-1.3803675029953322,0.6741691254746804,-0.3030226093444707,-1.3299113521998511,0.1435845965426375,2.426457563457657,2.6242261776932363
40,-0.9391689446666595,-0.4294814723412067,-1.3803675029953322,0.6675024704617012,-0.30305958345000017,-1.3527670657882496,0.1756948083404331,2.4508593244872148,2.664103714983499
41,3.3312266801089208,-0.4294814723412067,-1.3803675029953322,0.6598358912000275,-0.30284382746508515,-1.3740786656570412,0.22453821610991792,2.462021360440997,2.69112804311488
42,0.19960322194016192,-0.4294814723412067,-1.3803675029953322,0.6512201865213119,-0.3023923946535134,-1.3937962750149318,0.2564655225369347,2.4857487024043374,2.731244928468776
43,1.6230684301986888,-0.4294814723412067,-1.3803675029953322,0.6417001386490359,-0.3017226575730789,-1.4118751822472855,0.3041261067309957,2.4961692641391995,2.7587432023980183
44,-0.9391689446666591,-0.4294814723412067,-1.3803675029953322,0.6313147401231077,-0.3008521501134566,-1.4282754411843228,0.3360302500697661,2.5191995790577724,2.799060768130821
45,-1.2238619863183646,-0.4294814723412067,-1.3803675029953322,0.6200975070284537,-0.29979840367101035,-1.4429614479577124,0.38266408565239546,2.5288754726129876,2.8270298215394063
46,0.7689893052435728,-0.06164805823079528,-1.3803675029953322,0.6080768716972277,-0.2985787803561563,-1.45590150407238,0.4146972215030813,2.5511998780954688,2.8675202905035
47,1.6230684301986888,-0.4294814723412067,-1.1838489778398105,0.5952766476343978,-0.2972103065823672,-1.4670673751582053,0.4604556123248642,2.5601426392221374,2.895966833072767
48,1.6230684301986888,0.6740187699900277,-1.1838489778398105,0.5817165575630026,-0.29570951072556506,-1.4764338546245666,0.49276057987426436,2.581766802955288,2.9366123690488126
49,0.7689893052435728,-0.4294814723412067,-1.1838489778398105,0.5674128135378012,-0.2940922686371056,-1.4839783410712046,0.5377875528175043,2.5900028577664025,2.9655518411986614
50,0.1996032219401621,-0.4294814723412067,-1.1838489778398105,0.5523787375585203,-0.29237366051641767,-1.4896804377418016,0.5704958876033359,2.6109467031219347,3.0063434934098034
51,1.0536823468952783,-0.06164805823079528,-1.1838489778398105,0.5366254122532574,-0.29056784201639574,-1.4935215815102625,0.6149257853033062,2.6185162528420483,3.0357988454558913
52,-0.9391689446666592,-0.4294814723412067,-1.1838489778398105,0.520162352940177,-0.28868793172026624,-1.4954847079082956,0.6481558228279257,2.638812399476131,3.0767354136352862
53,0.48429626359186734,-0.4294814723412067,-1.1838489778398105,0.5029981935740708,-0.28674591661325427,-1.4955539576189212,0.6921111992908061,2.6457669723999793,3.106735832970717
54,0.48429626359186734,0.30618535587961615,-1.1838489778398105,0.4851413792941828,-0.2847525769728223,-1.4937144287347883,0.7259664200519538,2.6654579076199214,-3.135362617560426
55,1.907761471850394,-0.4294814723412067,-1.1838489778398105,0.4666008576510434,-0.28271743207564465,-1.489951977938179,0.7695562731871766,2.671856625316667,-3.1047829958922386
56,-0.9391689446666592,0.6740187699900277,-1.1838489778398105,0.44738675964792335,-0.2806487080598433,-1.4842530726107026,0.8041239275481422,2.69099066593321,-3.0635350824944987
57,2.4771475551538042,-0.4294814723412067,-1.3803675029953322,0.42751106122445587,-0.278553328994565,-1.4766046947343425,0.8474422906873459,2.6968953469877612,-3.0323384409380747
58,-0.6544759030149538,-0.4294814723412067,-1.3803675029953322,0.40698821611583463,-0.2764369315841753,-1.466994296327412,0.8827923675897896,2.715521565553633,-2.9909144377787222
59,-1.2238619863183646,-0.4294814723412067,-1.5768860281508532,0.3858357518758562,-0.27430390306784025,-1.4554098051329312,0.925917307353334,2.72099096739096,-2.9590604756180685
60,-0.36978286136324856,-0.06164805823079528,-1.5768860281508532,0.3640748216333001,-0.27215744108714773,-1.441839678444733,0.9621018798849734,2.7391534588665705,-2.9174421277536684
61,1.3383753885469833,-0.4294814723412067,-1.5768860281508532,0.34173070414954443,-0.2699996338946194,-1.4262730024174162,1.0050948710950447,2.7442371419880796,-2.8848891592695214
62,-0.08508981971154334,-0.06164805823079528,-1.3803675029953322,0.31883324354649023,-0.26783155927470376,-1.408699634002267,1.0421477546224276,2.7619691120743677,-2.8430559142928056
63,0.48429626359186734,0.30618535587961615,-1.3803675029953322,0.295417218175328,-0.2656534006820893,-1.3891103827325,1.085053352256284,2.7667014160369563,-2.809761848623361
64,2.7618405968055098,-0.4294814723412067,-1.3803675029953322,0.2715226266523513,-0.2634645791058683,-1.3674972298080734,1.1229900410382323,2.7840195085459887,-2.7676916568212544
65,0.19960322194016192,-0.4294814723412067,-1.1838489778398105,0.24719487885076244,-0.2612638989203701,-1.3438535821363315,1.1658358898717671,2.788414048269374,-2.7336148685697252
66,2.4771475551538042,-0.06164805823079528,-1.1838489778398105,0.22248488071923328,-0.25904970552503825,-1.3181745590629217,1.2046539005440298,2.8053132899135402,-2.6912848766241346
67,2.192454513502099,-0.4294814723412067,-0.987330452684289,0.1974490041771059,-0.25682005211990294,-1.2904573094469753,1.2474512614754698,2.809358383828566,-2.656384992820991
68,0.1996032219401621,-0.4294814723412067,-0.987330452684289,0.17214893693167382,-0.25457287273351453,-1.2607013564808573,1.287131075106041,2.8258081465491935,-2.613772156298855
69,2.192454513502099,-0.4294814723412067,-0.987330452684289,0.14665141157378683,-0.25230615864717443,-1.2289089671970719,1.3298760183809242,2.829463576039152,-2.5780107829808676
70,-0.36978286136324856,0.30618535587961615,-0.987330452684289,0.12102781824404034,-0.25001813555154884,-1.1950855429313454,1.3703827025110416,2.845404896430681,-2.5350924134226167
71,-0.08508981971154314,0.30618535587961615,-0.987330452684289,0.09535370989128177,-0.2477074390379185,-1.159240026169396,1.413057946835335,2.848600293099373,-2.4984338094775405
72,-0.9391689446666592,-0.4294814723412067,-1.1838489778398105,0.06970821301646395,-0.2453732861785382,-1.1213853182976112,1.454343328903891,2.8639447963565265,-2.4551880529721917
73,-1.2238619863183646,-0.4294814723412067,-1.1838489778398105,0.04417335927799733,-0.243015640724816,-1.0815387019259435,1.49692048992295,2.8665799197466684,-2.4175997373395233
74,1.0536823468952783,-0.4294814723412067,-1.1838489778398105,0.018833354092063076,-0.24063536884327047,-1.0397222607732202,1.5389255640978867,2.88121065719668,-2.3740059613470272
75,-0.6544759030149541,-0.4294814723412067,-1.3803675029953322,-0.006226202492985375,-0.2382343817137214,-0.9959632897055648,1.581367455191013,2.8831579846914237,-2.335459222735
76,1.6230684301986888,-0.4294814723412067,-1.3803675029953322,-0.030919129033174595,-0.23581576115355007,-0.95029468746453,1.6240246807440004,2.896932699493188,-2.291498278395035
77,0.48429626359186734,-0.06164805823079528,-1.3803675029953322,-0.055159497740150124,-0.2333838647620829,-0.9027553249361454,1.666287403605157,2.8980429244360475,-2.2519685549835633
78,-0.9391689446666592,-0.4294814723412067,-1.1838489778398105,-0.07886247921888759,-0.23094440765648538,-0.8533903824996308,1.7095227507918882,2.9108003405986618,-2.2076228902011117
79,-0.6544759030149538,-0.4294814723412067,-1.1838489778398105,-0.10194518376634457,-0.22850451843604958,-0.8022516510265747,1.7515575648826236,2.91091134982466,-2.16709000274132
80,-0.9391689446666592,-0.4294814723412067,-0.987330452684289,-0.1243274847067435,-0.22607276745373234,-0.7493977923706907,1.7952923928775721,2.9224810183875176,-2.122343625073289
81,-0.36978286136324856,-0.4294814723412067,-0.7908119275287678,-0.1459328085215551,-0.22365916585324808,-0.6948945565250778,1.8370474818705484,2.9214308475239283,-2.0807918750708123
82,-1.2238619863183646,-0.4294814723412067,-0.7908119275287678,-0.16668887710305397,-0.22127513428916784,-0.6388149538690917,1.8812003358021188,2.9316470389319966,-2.035630194748697
83,-0.9391689446666592,-0.4294814723412067,-0.5942934023732466,-0.18652838907800454,-0.21893344085743183,-0.5812393819728029,1.9226224880356209,2.9292911786723366,-1.9930483687098777
84,-0.36978286136324856,-0.4294814723412067,-0.5942934023732466,-0.20538962923721332,-0.2166481084837767,-0.5222557072198826,1.9671107688146174,2.9380110945060776,-1.9474579768560543
85,-0.9391689446666592,-0.4294814723412067,-0.39777487721772525,-0.22321699734774397,-0.2144342927817181,-0.46195930205272706,2.0081468899694115,2.9342440538078494,-1.903839313072432
86,-0.654475903014954,-0.4294814723412067,-0.2012563520622038,-0.23996144989472393,-0.21230813216932945,-0.40045303897752765,2.052888317882518,2.9413699904972312,-1.8578077571126805
87,-0.36978286136324856,0.30618535587961615,-0.2012563520622038,-0.25558085043700046,-0.210286572809727,-0.33784724261877325,2.093486718611029,2.9361500551951747,-1.8131499287155681
88,-0.9391689446666592,-0.4294814723412067,-0.2012563520622038,-0.2700402261391355,-0.20838717165276083,-0.27425960106830705,2.1384005636169854,2.941654020232664,-1.7666655390247634
89,-1.2238619863183646,0.30618535587961615,-0.2012563520622038,-0.2833119296807233,-0.20662788136245136,-0.20981503752186906,2.1785120197121697,2.9350286982126486,-1.720970693838436
90,-1.2238619863183646,-0.4294814723412067,-0.004737826906682482,-0.29537570728023227,-0.2050268210736802,-0.1446455427945717,2.2235201124193735,2.938976444998936,-1.67402250138941
91,-0.9391689446666592,-0.06164805823079528,-0.004737826906682482,-0.30621867525610724,-0.20360203673724456,-0.07888996887379723,2.263098710486787,2.9311044148681553,-1.6272973815371075
92,1.3383753885469833,-0.4294814723412067,-0.004737826906682482,-0.3158352096148042,-0.20237125445687412,-0.012693783285711895,2.30812623180138,2.933674295575298,-1.5798751484160773
93,-1.2238619863183646,-0.06164805823079528,0.19178069824883887,-0.3242267554310359,-0.20135162990800515,0.05379121628245777,2.3471299706287585,2.924838332810863,-1.5321312927760653
94,0.1996032219401621,-0.4294814723412067,-0.004737826906682482,-0.33140156458610676,-0.20055949678750637,0.12040722797807518,2.392105971593494,2.9263293706058007,-1.4842256603721453
95,-0.36978286136324856,-0.06164805823079528,0.19178069824883887,-0.3373743711665204,-0.20001011728568707,0.18699081356321068,2.4304970736731275,2.916934458154918,-1.4354796778247423
96,-0.6544759030149538,-0.4294814723412067,0.19178069824883887,-0.34216601364287524,-0.19971743772500486,0.25337330937882774,2.4753547165058345,2.91775841926014,-1.387082426709554
97,-0.08508981971154334,-0.4294814723412067,0.19178069824883887,-0.34580301248955303,-0.19969385270715548,0.3193812820269225,2.5130996903557294,2.9083109752845857,-1.3373563183831323
98,0.1996032219401621,0.30618535587961615,0.19178069824883887,-0.3483171115976766,-0.19994998134071112,0.3848370303205661,2.557776289163929,2.9089658376474787,-1.288460725671503
99,-1.2238619863183646,0.30618535587961615,0.19178069824883887,-0.3497447916775601,-0.20049445937924698,0.44955913494706756,2.5948458230693543,2.900034187278175,-1.2377822259453883
100,-0.08508981971154314,-0.4294814723412067,0.19178069824883887,-0.35012676368145684,-0.20133375126215916,0.5133630570483896,2.639282739817178,2.9010612029945353,-1.1883834982283479
101,-0.654475903014954,-0.06164805823079528,0.19178069824883887,-0.3495074500793657,-0.20247198589778923,0.5760617865061542,2.675651440287835,2.8932230740271554,-1.136786397326262
102,1.0536823468952778,-0.06164805823079528,0.19178069824883887,-0.34793446175118575,-0.2039108195143403,0.6374665400900372,2.7197938129878896,2.895154963685724,-1.086882150586555
103,-0.36978286136324856,-0.4294814723412067,0.3882992234043603,-0.345458078329291,-0.20564932828641241,0.6973875087771122,2.755439726391913,2.888942452387118,-1.0344065564287144
104,-0.6544759030149538,1.777519012321262,0.5848177485598817,-0.3421307396668779,-0.20768393298179263,0.7556346524980168,2.7992359421537936,2.8922535477536853,-0.9839973092641607
105,-0.08508981971154314,-0.4294814723412067,0.7813362737154029,-0.3380065553846767,-0.2100083574668666,0.8120185393935578,2.834139750662237,2.888107094154473,-0.9306898054957518
106,0.48429626359186734,-0.4294814723412067,0.5848177485598817,-0.3331408383735177,-0.21261362216244797,0.8663512255236663,2.877540563035442,2.8931755140724724,-0.8797794532282351
107,-0.36978286136324856,-0.4294814723412067,0.7813362737154029,-0.32758966718164506,-0.21548807223043687,0.9184471700166479,2.9116843709092337,2.8914152151438626,-0.8256931196639123
108,0.7689893052435725,-0.4294814723412067,0.7813362737154029,-0.3214094814594663,-0.21861743878047513,0.9681241799270758,2.9546416054817013,2.898502899040462,-0.7742893681161808
109,1.0536823468952778,-0.4294814723412067,0.9778547988709242,-0.3146567136921241,-0.22198493045010528,1.0152043784970384,2.9880072677074145,2.899319830357512,-0.7194836478156305
110,-1.2238619863183646,-0.4294814723412067,1.1743733240264458,-0.3073874589982249,-0.2255713526610128,1.0595151899865043,3.0304720868157844,2.9085707081098335,-0.6675983984245529
111,-0.9391689446666592,-0.4294814723412067,1.1743733240264458,-0.299657182813677,-0.2293552524074494,1.1008903337621712,3.0630390778934387,2.912035364109732,-0.6121388094701959
112,-0.9391689446666592,1.777519012321262,0.9778547988709242,-0.29152046425144246,-0.23331308715829469,1.1391708200084276,3.1049598685551225,2.923487369967543,-0.5597884914210182
113,-0.6544759030149538,-0.4294814723412067,1.1743733240264458,-0.2830307716743488,-0.2374194169848941,1.1742059393123947,3.1367028123516847,2.9295689881605282,-0.503746188823923
114,1.0536823468952783,-0.4294814723412067,1.1743733240264458,-0.2742402671422129,-0.24164711893541158,1.2058542384139326,-3.105162457135868,2.943173740646896,-0.4509520352551708
115,-0.9391689446666592,-0.4294814723412067,1.1743733240264458,-0.2651996375363746,-0.24596762171847505,1.2339844744593922,-3.074276507877117,2.951764043958663,-0.39440323646776343
116,-0.36978286136324856,-0.4294814723412067,1.1743733240264458,-0.25595795128012544,-0.2503511573603983,1.2584765400707036,-3.033621648880414,2.9674088053096184,-0.34119150195105546
117,0.1996032219401621,-0.4294814723412067,1.370891849181967,-0.24656253996004482,-0.2547670255139813,1.2792223514559835,-3.0036363818373117,2.978345492684706,-0.2842167924349419
118,0.7689893052435728,-0.4294814723412067,1.370891849181967,-0.2370589039495856,-0.2591838659490373,1.2961266916914234,-2.9637219583959356,2.9958739045135383,-0.23061890224987552
119,-0.08508981971154314,-0.4294814723412067,1.370891849181967,-0.22749064074422273,-0.26356993520125,1.309108001239041,-2.934695751156591,3.0089612111230823,-0.17330243562929668
120,0.48429626359186734,-0.4294814723412067,1.370891849181967,-0.2178993940827854,-0.26789338400034934,1.3180991077844508,-2.8956117777501427,3.0281908609302373,-0.11935505161388402
121,-1.2238619863183646,0.6740187699900277,1.370891849181967,-0.20832482076581646,-0.2721225327427204,1.3230478876180445,-2.867622614115107,3.0432159115407447,-0.061783661199489255
122,-0.36978286136324856,-0.4294814723412067,1.5674103743374883,-0.19880457055443476,-0.2762261427955226,1.3239178510174143,-2.8294786114991552,3.0639519109802618,-0.007528650409841436
123,0.1996032219401621,-0.4294814723412067,1.5674103743374883,-0.18937427328713777,-0.2801736816212316,1.320688644375321,-2.802629845932856,3.0806966440856445,0.05020910431773335
124,-1.2238619863183646,-0.4294814723412067,1.5674103743374883,-0.1800675269062461,-0.283935579471545,1.3133564621700733,-2.7655600627939556,3.1027413007497717,0.10472480653418233
125,-0.9391689446666592,-0.4294814723412067,1.5674103743374883,-0.17091588041662914,-0.2874834749314656,1.3019343623650548,-2.7399865302739865,3.1209905044204747,0.1625396289744114
126,-0.9391689446666592,-0.4294814723412067,1.5674103743374883,-0.161948806604083,-0.2907904463251665,1.2864524795009382,-2.7041549740002764,-3.139035550902757,0.2172642642408195
127,-0.9391689446666592,-0.4294814723412067,1.5674103743374883,-0.1531936605678491,-0.29383122613882157,1.266958130584322,-2.6800287446785163,-3.119489187588673,0.2750671110124977
128,-0.9391689446666592,-0.4294814723412067,1.5674103743374883,-0.14467562194772682,-0.2965823960507002,1.243515809818557,-2.645633264341259,-3.095401746471459,0.3299444456474302
129,-0.08508981971154314,-0.4294814723412067,1.5674103743374883,-0.13641762110726782,-0.299022560688156,1.2162070692265534,-2.623168335668493,-3.0747547235625112,0.38764747865646876
130,-0.9391689446666592,-0.4294814723412067,1.370891849181967,-0.12844025212013593,-0.3011324987641075,1.185130283273931,-2.5904430878800877,-3.0499155562992186,0.44261723854210944
131,0.1996032219401621,-0.06164805823079528,1.370891849181967,-0.12076167781089824,-0.3028952907628287,1.1504002967064209,-2.5698985242687984,-3.028352173128917,0.5001346981617227
132,-0.36978286136324856,-0.4294814723412067,1.370891849181967,-0.1133975340757984,-0.30429642281688757,1.1121479559275775,-2.5391145069434238,-3.002926761824896,0.5551330698035195
133,1.3383753885469833,-0.06164805823079528,1.370891849181967,-0.10636084214247118,-0.30532386677387396,1.0705195252992277,-2.5207960017737268,-2.980618784933171,0.6123820330871361
134,-0.9391689446666592,-0.4294814723412067,1.370891849181967,-0.09966193823655539,-0.3059681366231972,1.0256759907229605,-2.4922598747606095,-2.95476145501241,0.6673422081496991
135,3.046533638457215,-0.4294814723412067,1.370891849181967,-0.09330843016518656,-0.30622232144601147,0.9777922538071823,-2.4765202871734213,-2.931868467616008,0.7242432057869147
136,0.48429626359186734,-0.06164805823079528,1.370891849181967,-0.08730518945585283,-0.3060820949630034,0.9270562209292023,-2.450572316841049,-2.9057227355237134,0.7790959495440716
137,0.1996032219401621,-0.4294814723412067,1.1743733240264458,-0.08165438578106896,-0.3055457016984149,0.8736677926289116,-2.437812346312532,-2.882392831298726,0.8355734289086838
138,1.3383753885469833,-0.4294814723412067,0.9778547988709242,-0.0763555674260607,-0.30461391979115715,0.8178377600284825,-2.414824859898905,-2.8560919657326687,0.8902476565273912
139,-0.08508981971154314,-0.4294814723412067,0.7813362737154029,-0.07140578788646045,-0.3032900005310328,0.75978661629857,-2.4054953138633315,-2.8324624979854782,0.9462302867897115
140,-0.6544759030149538,-0.4294814723412067,0.7813362737154029,-0.06679977507334396,-0.30157958478129154,0.6997432924465561,-2.3858730037497167,-2.8061300455855522,1.000653627345005
141,-0.6544759030149538,-0.4294814723412067,0.5848177485598817,-0.06253013668937595,-0.2994905966405115,0.6379438277248107,-2.380479468609102,-2.782328220458498,1.056074442476937
142,-0.654475903014954,-0.4294814723412067,0.5848177485598817,-0.05858759346706709,-0.2970331150391316,0.5746299856603869,-2.3646618658542735,-2.756078327125781,1.1101737632344133
143,-1.2238619863183646,-0.4294814723412067,0.5848177485598817,-0.054961231386399356,-0.29421922441453996,0.5100478271215437,-2.3637709996591294,-2.7322215164961445,1.1649701400590209
144,1.0536823468952778,-0.4294814723412067,0.3882992234043603,-0.05163876474065786,-0.2910628460987673,0.44444625205757443,-2.3522359659965355,-2.7061589657916265,1.2186720062238012
145,1.3383753885469833,-0.06164805823079528,0.19178069824883887,-0.048606803519384956,-0.2875795525503318,0.3780755216723182,-2.3564808377363855,-2.682354709963526,1.2727854873112923
146,-1.2238619863183646,-0.4294814723412067,0.19178069824883887,-0.045851120116734895,-0.2837863670323693,0.3111857728645198,-2.349746838343843,-2.656574688528096,1.3260165469874945
147,0.48429626359186734,-0.4294814723412067,0.19178069824883887,-0.04335691094691371,-0.279701551718087,0.2440255367617576,-2.3598271014939782,-2.6329204357116613,1.3793925350290779
148,-0.9391689446666592,-0.4294814723412067,0.19178069824883887,-0.0411090479818068,-0.2753443874523749,0.1768402730356251,-2.3584508724574507,-2.6075080956559265,1.4320798336630896
149,-0.6544759030149538,-0.4294814723412067,0.19178069824883887,-0.03909231432808463,-0.2707349485873527,0.10987093143591978,-2.375120127318044,-2.584090768805167,1.4846671951828445
150,0.1996032219401621,-0.06164805823079528,-0.004737826906682482,-0.03729161769808595,-0.26589387657794517,0.04335255173658349,-2.379682113386475,-2.5591206876583272,1.5367384348099962
151,-1.2238619863183646,0.6740187699900277,-0.2012563520622038,-0.03569217626699145,-0.26084215639768277,-0.02248708684444447,-2.403706319129279,-2.53601619728627,1.5884890598251193
152,-0.36978286136324856,-0.4294814723412067,-0.2012563520622038,-0.03427967263287039,-0.25560090011770636,-0.08742875570535763,-2.414767350900932,-2.5115518746262526,1.6398728297445488
153,-0.08508981971154314,-0.4294814723412067,-0.39777487721772525,-0.03304037306329316,-0.25019114187955555,-0.15126299536801133,-2.446826143870486,-2.4888247482732475,1.6907411991957195
154,-0.9391689446666592,0.3061853558796163,-0.5942934023732466,-0.03196121078793614,-0.24463364789414224,-0.21379125154578318,-2.464829419610522,-2.464918325949122,1.741367207815898
155,-0.36978286136324856,0.6740187699900277,-0.7908119275287678,-0.031029833733077185,-0.2389487442903623,-0.2748269182405573,-2.50532555510711,-2.44262163552175,1.7913100122139318
156,-0.36978286136324856,-0.4294814723412067,-0.987330452684289,-0.03023461871573761,-0.2331561648920101,-0.3341962779449549,-2.5304184477261726,-2.419313980575703,1.841109339585011
157,-0.6544759030149538,-0.4294814723412067,-0.987330452684289,-0.029564655702201893,-0.22727492021497683,-0.39173932994559507,-2.5791790903204475,-2.3974896521878795,1.8900851744388345
158,1.0536823468952778,-0.4294814723412067,-0.987330452684289,-0.029009707314686207,-0.22132318798104805,-0.4473104990167203,-2.610960180427599,-2.374810829814233,1.938990551076605
159,0.1996032219401621,-0.4294814723412067,-0.987330452684289,-0.028560150210784705,-0.21531822450960555,-0.5007792184444811,-2.6668873953578958,-2.3534903170710093,1.9869596981204745
160,1.3383753885469833,-0.4294814723412067,-0.987330452684289,-0.028206905889069902,-0.20927629594691682,-0.5520303832034281,-2.704165049801496,-2.3314603918435015,2.034905807179258
161,-0.6544759030149541,0.3061853558796163,-0.987330452684289,-0.02794136846193673,-0.20321262853143288,-0.6009646710374769,-2.7650212609149047,-2.310665627719888,2.0818301041289535
162,-0.6544759030149538,-0.4294814723412067,-0.987330452684289,-0.027755335884776074,-0.1971413776579681,-0.6474987310327559,-2.8057674978621683,-2.289295722905725,2.1287539095831467
163,1.6230684301986884,-0.4294814723412067,-0.987330452684289,-0.027640949545565657,-0.1910756160029167,-0.6915652409407201,-2.8683541972671476,-2.2690403470356277,2.174596721127317
164,-0.08508981971154314,0.6740187699900277,-0.987330452684289,-0.027590645778969383,-0.18502734120881995,-0.7331128360027841,-2.910020770876173,-2.2483340569692145,2.220437843057688
165,0.48429626359186734,-0.4294814723412067,-0.7908119275287678,-0.02759712202138098,-0.1790075036352724,-0.7721059133452121,-2.9708398804046956,-2.22862510965213,2.26516416275678
166,0.48429626359186734,0.3061853558796163,-0.7908119275287678,-0.02765331948424005,-0.17302605454055908,-0.808524317144521,-3.010975548421953,-2.2085805195095256,2.309865338899497
167,-0.6544759030149538,-0.4294814723412067,-0.987330452684289,-0.027752422955793696,-0.1670920147239,-0.8423629106663296,-3.0670896212477166,-2.1894208813279064,2.3534420645913454
168,0.7689893052435725,0.6740187699900277,-1.1838489778398105,-0.027887876834735145,-0.16121356311644935,-0.8736310419089854,-3.103935784714619,-2.1700334637250878,2.3969497495689773
169,-0.08508981971154314,-0.4294814723412067,-0.987330452684289,-0.028053415204684806,-0.15539814418205397,-0.9023519099789742,3.1296288282164584,-2.1514252752157974,2.4393461827881597
170,-1.2238619863183646,0.30618535587961615,-1.1838489778398105,-0.028243102872661473,-0.14965259236242703,-0.928561839649053,3.0968714066854086,-2.132691843890191,2.4816113420214583
171,0.1996032219401621,-0.4294814723412067,-1.1838489778398105,-0.02845138378199143,-0.14398327114520118,-0.9523094719659952,3.054299414126655,-2.1146410150368746,2.5227999597597366
172,-0.6544759030149538,-0.4294814723412067,-0.987330452684289,-0.028673133117562203,-0.1383962236724922,-0.9736548793216799,3.0255673137214947,-2.0965647726970733,2.5637791048099503
173,-0.9391689446666592,0.6740187699900277,-0.987330452684289,-0.028903709913940884,-0.13289733129935613,-0.9926686140119652,2.989653814667612,-2.0790865404061565,2.603736631914269
174,-0.6544759030149538,-0.4294814723412067,-0.987330452684289,-0.029139008062418707,-0.1274924762724307,-1.0094306998853844,2.964303966930671,-2.0616831123927613,2.6433931190902538
175,1.6230684301986888,-0.4294814723412067,-0.987330452684289,-0.029375505098828577,-0.12218770463234972,-1.0240295771255812,2.9341068266839248,-2.0448084741047854,2.68210190396095
176,0.1996032219401621,-0.4294814723412067,-0.987330452684289,-0.029610309756929753,-0.1169893853609896,-1.0365610104446223,2.911205409763579,-2.0281127263202166,2.7204074962035483
177,0.1996032219401621,0.30618535587961615,-0.7908119275287677,-0.029841210453684177,-0.11190436172641702,-1.0471269709943793,2.8855560593913134,-2.0118955244489354,2.7578571750760115
178,0.19960322194016192,0.6740187699900277,-0.7908119275287677,-0.03006672697636818,-0.1069400909273795,-1.0558345021786963,2.864092033317744,-1.9959689437615755,2.7947938524711535
179,1.3383753885469833,-0.4294814723412067,-0.7908119275287677,-0.030286166592475513,-0.10210476843385694,-1.0627945792749478,2.8418089100856285,-1.9804933638884685,2.8309832725559607
180,-0.9391689446666592,-0.4294814723412067,-0.9873304526842892,-0.030499684207149828,-0.09740743344879613,-1.0681209723028762,2.820833644866157,-1.9654317718296506,2.866545258187176
181,-0.36978286136324856,-0.4294814723412067,-0.9873304526842892,-0.030708344591924838,-0.09285805150051459,-1.071929120901921,2.800852697675013,-1.9508199999888063,2.9014846068900986
182,-1.2238619863183646,-0.4294814723412067,-0.9873304526842892,-0.030914183350517207,-0.08846756972127486,-1.0743350291944236,2.7795797805114013,-1.9367613167985487,2.935680546127221
183,0.48429626359186734,-0.4294814723412067,-1.1838489778398105,-0.031120262565428606,-0.08424794042834478,-1.0754541878819512,2.761045734164153,-1.9231809499766341,2.969393599210215
184,1.0536823468952778,-0.4294814723412067,-0.9873304526842892,-0.03133071738021738,-0.0802121093310363,-1.0754005302598422,2.738940368591243,-1.910312459939835,3.0022487863739595
185,-0.9391689446666592,-0.06164805823079528,-0.9873304526842892,-0.031550790817754915,-0.07637396578120015,-1.0742854284625718,2.7212861696489172,-1.8979829122865053,3.0347751325573733
186,0.1996032219401621,-0.4294814723412067,-1.1838489778398105,-0.0317868549829486,-0.07274825367538014,-1.0722167360257995,2.698152428997002,-1.8865471250781944,3.0663336106293975
187,0.1996032219401621,-0.4294814723412067,-1.1838489778398105,-0.03204641687536189,-0.06935044273608358,-1.0692978827012631,2.681170063637407,-1.8757439363054256,3.0977306351497442
188,0.7689893052435728,-0.4294814723412067,-0.9873304526842892,-0.03233810663376775,-0.06619656089088334,-1.0656270273487765,2.6572218626783615,-1.8660417910211384,3.128056917289964
189,0.48429626359186734,-0.4294814723412067,-0.9873304526842892,-0.03267164560295931,-0.0633029894017346,-1.061296274675508,2.6411077664584206,-1.8570972897728788,-3.12478404909112
190,-1.2238619863183646,-0.4294814723412067,-0.9873304526842892,-0.033057791058707583,-0.06068622341442511,-1.0563909616052876,2.616993524371508,-1.849486807280058,-3.0956039453815967
191,-1.2238619863183646,-0.4294814723412067,-0.9873304526842892,-0.033508253533309745,-0.05836260176977907,-1.0509890190642333,2.6023403108937138,-1.842784715035779,-3.066215794712803
192,-0.36978286136324856,0.30618535587961615,-0.9873304526842892,-0.03403558188007043,-0.05634801119244787,-1.045160414868507,2.5790882871261847,-1.8376721031573666,-3.03807433031764
193,-1.2238619863183646,-0.06164805823079528,-0.7908119275287677,-0.03465301138462963,-0.054657571216873445,-1.038966683181568,2.5667987645925665,-1.833632409050804,-3.0095265889730753
194,-0.08508981971154314,-0.06164805823079528,-0.7908119275287677,-0.03537427178292246,-0.053305307224241816,-1.0324605457119462,2.545669506592629,-1.8314512457080232,-2.982295994798493
195,-0.08508981971154314,-0.06164805823079528,-0.7908119275287677,-0.03621335450778368,-0.05230381956000023,-1.0256856294473795,2.536794399848531,-1.8305003676967964,-2.954455578831145
196,-0.36978286136324856,-0.4294814723412067,-0.5942934023732465,-0.03718424102907657,-0.05166395688277988,-1.0186762852089761,2.5190665611249625,-1.8316732663995143,-2.9279906415376153
197,-0.9391689446666592,-0.4294814723412067,-0.39777487721772514,-0.03830059620935028,-0.051394501910075295,-1.0114575106042223,2.5146051846060544,-1.8341937864501723,-2.9007106669707903
198,-1.2238619863183646,0.30618535587961615,-0.5942934023732465,-0.03957543208156125,-0.0515018778773303,-1.004044980028738,2.5013595653227014,-1.839070852825072,-2.8748530239065824
199,-0.08508981971154314,5.088019739314965,-0.5942934023732465,-0.041020748748223895,-0.0519898843799615,-0.9964451831793815,2.502087009374564,-1.8453264964553169,-2.8479777350509248
200,-1.2238619863183646,-0.4294814723412067,-0.5942934023732465,-0.04264716074842463,-0.052859471272512816,-0.9886556720910598,2.4940584168207725,-1.8540981368304315,-2.822561476338055
201,0.7689893052435728,-0.4294814723412067,-0.39777487721772514,-0.044463519416826955,-0.054108557786111865,-0.9806654150894577,2.500429475260117,-1.8641359993295163,-2.795932278900946
202,1.3383753885469833,-0.4294814723412067,-0.39777487721772514,-0.04647654407345572,-0.055731900378811726,-0.9724552543982241,2.497959164741361,-1.8767272787561589,-2.770790430943972
203,1.6230684301986884,0.6740187699900277,-0.39777487721772514,-0.048690476606845376,-0.05772100828610654,-0.9639984624906468,2.510098879627906,-1.8902726936820098,-2.744252507100426
204,0.7689893052435728,-0.4294814723412067,-0.5942934023732465,-0.051106774347444525,-0.060064102437977274,-0.9552613905572319,2.513173783139876,-1.9062427462031921,-2.7192238029936946
205,2.192454513502099,-0.4294814723412067,-0.7908119275287677,-0.05372385453377712,-0.06274611213508777,-0.9462042006237639,2.5309308452508827,-1.92261980829847,-2.692632666107583
206,-0.36978286136324856,-0.4294814723412067,-0.7908119275287677,-0.0565369002876675,-0.0657487037654722,-0.936781670995149,2.5392718247658674,-1.9411068527956885,-2.6675679391425224
207,0.48429626359186734,-0.4294814723412067,-0.9873304526842892,-0.05953773362627211,-0.06905033605492077,-0.9269440630257446,2.5623009760152438,-1.9592297202161917,-2.64079527331492
208,-0.6544759030149541,-0.4294814723412067,-1.1838489778398105,-0.06271475663369852,-0.07262633683740848,-0.9166380359179159,2.5754634872596367,-1.9789866979018182,-2.6155628505207584
209,-0.9391689446666592,-0.4294814723412067,-1.1838489778398105,-0.06605295836561505,-0.07644899724226892,-0.9058075954206489,2.603309318650031,-1.9974570653794244,-2.5885010810252744
210,-1.2238619863183646,-0.4294814723412067,-1.1838489778398105,-0.06953398298294707,-0.08048768039937325,-0.8943950619594833,2.6207721037511624,-2.016998169786803,-2.5629907102926412
211,1.0536823468952783,-0.06164805823079528,-1.1838489778398105,-0.07313625420927762,-0.08470894305812904,-0.8823420438630111,2.6529376816988806,-2.034302674867437,-2.5355559597297797
212,1.907761471850394,-0.4294814723412067,-1.1838489778398105,-0.07683515214617696,-0.08907666977780947,-0.8695904018881166,2.6741681001974,-2.052128793753628,-2.5096810483940604
213,-0.36978286136324856,-0.4294814723412067,-1.380367502995332,-0.08060323977413873,-0.09355222049343512,-0.8560831920549138,2.7101621455699205,-2.066876026575194,-2.481814395360326
214,0.48429626359186734,0.6740187699900277,-1.1838489778398105,-0.0844105367731394,-0.0980945932365365,-0.8417655747683341,2.7346569449612743,-2.081701500181175,-2.4555125974073513
215,-0.6544759030149541,-0.06164805823079528,-1.1838489778398105,-0.08822483697489165,-0.10266060456759388,-0.8265856792908285,2.7740211357279767,-2.092814124427716,-2.4271797916509237
216,-0.9391689446666592,1.777519012321262,-1.1838489778398105,-0.0920120635551884,-0.10720509073945657,-0.8104954138421119,2.8013279372714988,-2.103717199384507,-2.4004121835503422
217,-0.6544759030149541,-0.06164805823079528,-0.9873304526842892,-0.09573665436101378,-0.11168113245347595,-0.7934512128965662,2.843650136289015,-2.1105224110163054,-2.3716021295470306
218,1.3383753885469833,-0.4294814723412067,-0.9873304526842892,-0.09936196932939803,-0.11604030499763421,-0.7754147145346931,2.873376728821415,-2.116987176574519,-2.3443513289882145
219,-0.36978286136324856,-0.4294814723412067,-0.9873304526842892,-0.10285071261247035,-0.12023295369043396,-0.7563533618926639,2.9182957769627076,-2.1192034823943677,-2.315073718859168
220,-0.36978286136324856,0.30618535587961615,-1.1838489778398105,-0.10616536293075682,-0.12420849259671495,-0.7362409237951713,2.9501124358217026,-2.1210728249925763,-2.2873413305873522
221,-0.36978286136324856,-0.4294814723412067,-1.1838489778398105,-0.10926860601312395,-0.12791572323968511,-0.7150579305711162,2.9973180590654436,-2.118730630152105,-2.2576237980422835
222,-1.2238619863183646,-0.4294814723412067,-0.987330452684289,-0.11212376271579108,-0.13130316970579675,-0.692792021948442,3.03095609643094,-2.1161141343691154,-2.229427530466811
223,1.3383753885469833,-0.4294814723412067,-0.987330452684289,-0.11469520624079348,-0.13431942671485447,-0.669438204942952,3.0801862884903892,-2.1094548138711833,-2.1993126307486444
224,-0.654475903014954,-0.06164805823079528,-0.7908119275287678,-0.11694876228816282,-0.13691351756231068,-0.6449990208351805,3.115435139558732,-2.1026309881661422,-2.1706833469393803
225,-1.2238619863183646,0.6740187699900277,-0.987330452684289,-0.11885208671326984,-0.13903525931980087,-0.6194846215618276,-3.116712584915398,-2.092015372836619,-2.1402255838546473
226,-1.2238619863183646,0.3061853558796163,-0.987330452684289,-0.12037501582681466,-0.14063563321837752,-0.5929127569912044,-3.080008269048923,-2.081350628006844,-2.1112044725883097
227,-1.2238619863183646,-0.4294814723412067,-0.7908119275287678,-0.12148988500057488,-0.14166715835193172,-0.5653086755686635,-3.0273389811596685,-2.067190230838237,-2.080467523587831
228,-0.36978286136324856,-0.4294814723412067,-0.7908119275287678,-0.12217181246343999,-0.14208426641253405,-0.5367049417879167,-2.98928147340438,-2.053081556855832,-2.0511035124509105
229,2.192454513502099,-0.4294814723412067,-0.7908119275287678,-0.12239894745235792,-0.14184367431986544,-0.5071411749444953,-2.9351175228683872,-2.03579358456698,-2.0201577424174832
230,-0.6544759030149541,-0.4294814723412067,-0.5942934023732466,-0.12215268452321286,-0.14090475096517585,-0.47666371464039403,-2.895757165559894,-2.0186328361544046,-1.9905052184246377
231,-0.9391689446666591,0.30618535587961615,-0.39777487721772525,-0.12141784753547884,-0.1392298743052566,-0.4453252194590893,-2.8401994796390415,-1.998614290516952,-1.9594255235281897
232,1.3383753885469833,0.30618535587961615,-0.39777487721772525,-0.12018284691534838,-0.13678477559909066,-0.41318420605059364,-2.799535004089212,-1.9787686143356247,-1.929542387747993
233,1.3383753885469833,-0.4294814723412067,-0.2012563520622038,-0.11843981282292147,-0.13353886817864788,-0.38030453648710955,-2.742650818771578,-1.9563835824133589,-1.8984063827306192
234,-0.9391689446666592,-0.4294814723412067,-0.39777487721772525,-0.11618470568216362,-0.12946555834630716,-0.34675486209568873,-2.700628566971595,-1.9341865510902427,-1.8683524452836673
235,-0.08508981971154314,-0.4294814723412067,-0.2012563520622038,-0.11341740423838013,-0.12454253578196728,-0.3126080320291169,-2.642453314435438,-1.9097617865929521,-1.8372389915843328
236,-0.9391689446666591,-0.4294814723412067,-0.004737826906682482,-0.1101417696410103,-0.11875204064223906,-0.2779404746761132,-2.5989643681858876,-1.8855110870848613,-1.8070746975045209
237,-1.2238619863183646,-0.06164805823079528,-0.004737826906682482,-0.1063656825460161,-0.11208110476656377,-0.2428315597344267,-2.5395021435808185,-1.8593363961116252,-1.776062751751568
238,-0.36978286136324856,1.0418521841004393,-0.2012563520622038,-0.1021010498176071,-0.1045217650837467,-0.20736294839958141,-2.494375965329534,-1.8332951949979222,-1.745848207897405
239,-0.9391689446666591,-0.4294814723412067,-0.004737826906682482,-0.09736377837619395,-0.09607124803897563,-0.17161793862199,-2.433597558274822,-1.805626330243577,-1.7150159498428135
240,-0.08508981971154314,-0.06164805823079528,-0.004737826906682482,-0.09217371567339532,-0.0867321241361449,-0.13568081177401847,-2.3865906293538286,-1.7780265068869814,-1.6848102046177746
241,-0.654475903014954,-0.4294814723412067,-0.004737826906682482,-0.08655455855236624,-0.07651243132331711,-0.0996361864483098,-2.324428399577391,-1.7490892363946118,-1.6542343882266848
242,0.7689893052435725,-0.4294814723412067,-0.004737826906682482,-0.08053373435941936,-0.06542576529400047,-0.06356838455649072,-2.2752065541469464,-1.7201354741030177,-1.6240949025214921
243,0.48429626359186734,-0.4294814723412067,-0.004737826906682482,-0.07414225978626078,-0.05349133443604971,-0.027560814408849832,-2.2115458771159053,-1.690130091958048,-1.593850362244559
244,0.7689893052435728,1.4096855982108507,0.19178069824883887,-0.06741458379902404,-0.040733977426037384,0.008304624987633857,-2.159658936550136,-1.660004233153466,-1.5638326007642707
245,0.1996032219401621,0.6740187699900277,-0.004737826906682482,-0.06038842091237255,-0.027184142089032533,0.04394811456489377,-2.0943259139249335,-1.6291100648701782,-1.5339918399114638
246,1.0536823468952778,-0.4294814723412067,-0.004737826906682482,-0.0531045799366935,-0.01287782447988148,0.07929245725041689,-2.0391724040378945,-1.597975380374935,-1.5041489112868767
247,-0.6544759030149538,-0.4294814723412067,-0.004737826906682482,-0.045606791456019036,0.002143533373560054,0.11426358821945698,-1.9719169003644308,-1.5663550756599485,-1.4747817023152554
248,-0.08508981971154314,-0.06164805823079528,0.19178069824883892,-0.03794153518419292,0.017833189847141565,0.14879105031868642,-1.912695107057004,-1.5343603301930833,-1.4451639815918724
249,1.907761471850394,-0.4294814723412067,0.3882992234043602,-0.030157866461857568,0.034139298061817806,0.18280843169919786,-1.843167046618078,-1.502163895420682,-1.416336915296423
250,-0.6544759030149538,-0.4294814723412067,0.3882992234043602,-0.022307239729893426,0.051005152224095185,0.21625376265584562,-1.778806805228844,-1.469447143770948,-1.3869915917898457
251,-0.36978286136324856,-0.4294814723412067,0.3882992234043602,-0.014443325665923969,0.06836948934425384,0.24906986867929146,-1.7065224817870968,-1.4368156146092113,-1.3587675259533454
252,-0.36978286136324856,-0.4294814723412067,0.3882992234043602,-0.006621817465850412,0.08616684858876891,0.28120467693758605,-1.6355910844750192,-1.4035075800529337,-1.3297380386908613
253,0.1996032219401621,-0.4294814723412067,0.19178069824883892,0.001099779354177495,0.10432798914045059,0.3126114738310312,-1.559885770204657,-1.370576187937296,-1.3021754218416013
254,-0.08508981971154334,-0.4294814723412067,0.3882992234043602,0.008662379725711059,0.12278036584006825,0.3432491117819003,-1.4804639218109295,-1.3368030998111724,-1.273500771615047
255,-0.36978286136324856,-0.4294814723412067,0.5848177485598816,0.016005580182880987,0.1414486601207429,0.3730821638687408,-1.4004287966880153,-1.3037038628863964,-1.2466528409090025
256,-0.36978286136324856,0.6740187699900277,0.5848177485598816,0.023067953676698713,0.16025536190092682,0.40208102521985517,-1.3099664366495831,-1.26958972883079,-1.2183667840397212
257,-0.6544759030149538,0.6740187699900277,0.7813362737154029,0.029787382820432928,0.17912139630920218,0.43022196031797444,-1.2243769931451427,-1.2364534938534997,-1.1922806474218506
258,-1.2238619863183646,-0.4294814723412067,0.7813362737154029,0.03610143571207737,0.19796678766797987,0.4574870957090338,-1.1195855292895422,-1.2021218735406374,-1.1644107879970518
259,-0.36978286136324856,1.777519012321262,0.7813362737154029,0.04194778739614069,0.2167113524131602,0.48386435818540796,-1.0268589292397041,-1.1690799205060225,-1.1391264198733577
260,-0.36978286136324856,-0.4294814723412067,0.5848177485598816,0.047264688305223734,0.2352754126638686,0.5093473593444587,-0.9038222640658009,-1.1346553456303097,-1.1116932443904286
261,-0.36978286136324856,-0.4294814723412067,0.5848177485598816,0.05199147875766168,0.25358052273650056,0.5339352284175378,-0.8021196353814083,-1.1018407193437099,-1.0872424559980836
262,-0.9391689446666592,-0.4294814723412067,0.5848177485598816,0.05606914614791203,0.27155020162441773,0.5576323962629495,-0.6570667725057416,-1.067449911289744,-1.0602583821647917
263,1.0536823468952778,0.6740187699900277,0.5848177485598816,0.0594409192421855,0.289110664836265,0.5804483342482543,-0.5447999909681861,-1.0349985834996085,-1.0366638453744672
264,-0.9391689446666592,0.6740187699900277,0.5848177485598816,0.06205289213035721,0.30619154857602454,0.6023972523208639,-0.37624295562079213,-1.0007714965137424,-1.0101323603148953
265,0.7689893052435728,-0.4294814723412067,0.5848177485598816,0.0638546689042669,0.3227266182098681,0.6234977609032735,-0.2532976642883631,-0.9688232978287319,-0.9874067563604675
266,-0.36978286136324856,2.881019254652496,0.5848177485598816,0.06480001911695561,0.33865445201592415,0.6437725014268987,-0.0655775902541816,-0.9348938577287497,-0.9613217067369155
267,-0.08508981971154334,-0.06164805823079528,0.5848177485598816,0.06484753354539964,0.3539190909539942,0.6632477503937004,0.06509355489361046,-0.9035930095281466,-0.9394670608198787
268,-0.08508981971154314,-0.4294814723412067,0.5848177485598816,0.06396126954488002,0.3684706457923234,0.6819530018496265,0.25974476874028757,-0.8700993812503104,-0.9138121520920325
269,-0.6544759030149541,-0.4294814723412067,0.7813362737154029,0.06211137508180464,0.3822658542119006,0.6999205330767998,0.39205458548910627,-0.8395944692925463,-0.892819416320258
270,2.4771475551538042,-0.4294814723412067,0.7813362737154029,0.05927468018970014,0.39526858178681495,0.7171849581842293,0.5776653098068598,-0.806678694786495,-0.8675679834742561
271,-0.08508981971154314,-0.4294814723412067,0.7813362737154029,0.0554352442037753,0.4074502609832273,0.7337827741566945,0.7052161833614532,-0.7771218671254171,-0.8474169379554874
272,0.48429626359186734,-0.4294814723412067,0.7813362737154029,0.05058484717972141,0.41879026103935396,0.7497519038870604,0.870268264808978,-0.7449285607013771,-0.8225320572335789
273,-0.08508981971154314,1.4096855982108507,0.7813362737154029,0.044723414902735986,0.4292761792137952,0.7651312408091904,0.9894031791151585,-0.7164734927853751,-0.8031916056129457
274,-1.2238619863183646,3.9845194969837308,0.7813362737154029,0.03785936866577397,0.4389040412857669,0.7799601999313385,1.1304464489895456,-0.6851470293918573,-0.7786266201919962
275,0.1996032219401621,1.777519012321262,0.5848177485598816,0.030009892625407635,0.447678397427782,0.7942782802670778,1.2405729417240279,-0.6579450265113552,-0.7600555521548741
276,1.6230684301986884,0.6740187699900277,0.5848177485598816,0.021201112203519765,0.4556122999217552,0.8081246438014098,1.3597482917685915,-0.6276246500140438,-0.735755069898008
277,1.0536823468952778,-0.06164805823079528,0.5848177485598816,0.011468176740148755,0.46272715228616795,0.8215377161425262,1.461940663495712,-0.6018184444892543,-0.7179033319844746
278,-0.36978286136324856,-0.4294814723412067,0.5848177485598816,0.0008552393719620261,0.46905242413584214,0.8345548138180044,1.5633665810974289,-0.5726310732143217,-0.6938047071823245
279,-0.08508981971154314,-0.061648058230795215,0.5848177485598816,-0.01058467206243369,0.47462523021432534,0.8472118027418354,1.6591419582972935,-0.5483462966182575,-0.676615161019129
280,1.3383753885469833,10.605520950971139,0.5848177485598816,-0.02278989738967847,0.47948977403160103,0.8595427917452664,1.7468661875467753,-0.5203971767955091,-0.652650401896968
281,2.4771475551538042,1.4096855982108507,0.5848177485598816,-0.03569050195759094,0.4836966573086593,0.8715798643075,1.8376131022959963,-0.4977317557252449,-0.6360609733648166
282,-0.9391689446666591,-0.4294814723412067,0.5848177485598816,-0.049208750350852745,0.48730205898491297,0.8833528507975045,1.9149344442142084,-0.4710933305823231,-0.6121589473876642
283,-0.36978286136324856,-0.06164805823079528,0.5848177485598816,-0.06325969414930402,0.4903667942082479,0.8948891426658323,2.001753678151982,-0.4501054118863737,-0.5961050081803271
284,2.192454513502099,-0.4294814723412067,0.5848177485598816,-0.0777518690202557,0.4929552729438961,0.9062135491092789,2.071172478666911,-0.4248054019757407,-0.5721937699911108
285,1.6230684301986888,-0.4294814723412067,0.7813362737154029,-0.09258809349944541,0.4951343851705835,0.9173481957752152,2.154884761439595,-0.4055013075785046,-0.5566105581831287
286,-1.2238619863183646,0.30618535587961615,0.7813362737154029,-0.10766635936168326,0.4969723423755501,0.9283124640964184,2.2182454812409533,-0.3815118731397989,-0.5326196053140854
287,-0.36978286136324856,-0.06164805823079528,0.7813362737154029,-0.12288080101075634,0.498537504145416,0.9391229689063371,2.2994451936810254,-0.36383617809928703,-0.5174444854101435
288,-0.6544759030149538,-0.4294814723412067,0.9778547988709244,-0.13812272850490523,0.4998972163139034,0.9497935711583897,2.3580999060059438,-0.3410661836639198,-0.493306756792356
289,-0.6544759030149541,-0.06164805823079528,0.9778547988709244,-0.1532817065820815,0.5011166847022545,0.9603354219187924,2.4372105817740324,-0.32489587538520776,-0.47848114678413184
290,-0.9391689446666592,-0.4294814723412067,1.1743733240264456,-0.1682466613833885,0.5022579062492785,0.9707570333401342,2.492154197174769,-0.3031880350142915,-0.4541346226663361
291,-0.36978286136324856,-0.4294814723412067,1.1743733240264456,-0.18290699740271482,0.5033786770782074,0.981064372072022,2.569473706193827,-0.28833250175789366,-0.43960547559091406
292,0.48429626359186734,-0.06164805823079528,1.1743733240264456,-0.19715370874502683,0.5045316945794336,0.9912609705640943,2.6214447210736505,-0.26746692715936154,-0.4149943071966451
293,-0.9391689446666592,0.3061853558796163,1.1743733240264456,-0.21088047041463318,0.5057637678870137,1.0013480519850135,2.6971789400166473,-0.253675098717654,-0.40071511288396316
294,0.48429626359186734,-0.4294814723412067,1.1743733240264456,-0.22398469663838705,0.5071151483502898,1.0113246649784136,2.7467314371420004,-0.23338007569764577,-0.37579028780820906
295,-0.6544759030149538,-0.4294814723412067,1.1743733240264456,-0.23636855389887482,0.5086189889787491,1.0211878251113666,2.821018376641776,-0.22035501851343292,-0.3617216367451164
296,-0.6544759030149538,-0.4294814723412067,1.1743733240264456,-0.24793991649708794,0.5103009394596444,1.0309326605481675,2.86857278684997,-0.2003245830172367,-0.33644125069276787
297,-1.2238619863183646,-0.4294814723412067,1.1743733240264456,-0.2586132524345706,0.5121788810003486,1.040552560145519,2.9414997019765385,-0.18774438602544555,-0.32255105399442896
298,-1.2238619863183646,0.30618535587961615,1.1743733240264456,-0.2683104276086562,0.51426280261564,1.0500393227959437,2.987378718645181,-0.1676607892160658,-0.29688029233894936
299,-0.6544759030149538,1.777519012321262,1.1743733240264456,-0.2769614171349819,0.5165548175584983,1.0593833074421488,3.0589943586146804,-0.1552030974721933,-0.2831437693483188
300,-0.9391689446666592,-0.4294814723412067,1.1743733240264456,-0.2845049142484032,0.5190493158431418,1.068573583746542,3.1034486841642233,-0.1347610098104696,-0.2570547043375344
301,-0.6544759030149541,-0.4294814723412067,0.9778547988709244,-0.2908888294933167,0.5217332468702186,1.0775980839248855,-3.1094131259906743,-0.12212760366503296,-0.24345424229773616
302,-0.6544759030149538,-0.06164805823079528,0.9778547988709244,-0.2960706753250112,0.5245865252082823,1.0864437567226501,-3.066186058255603,-0.1010564540096271,-0.21692553623993585
303,-0.9391689446666592,0.6740187699900277,0.9778547988709244,-0.3000178334234341,0.5275825519570274,1.09509672487324,-2.997158728465949,-0.08799433196776572,-0.20345050505092535
304,-0.08508981971154334,-0.4294814723412067,0.9778547988709244,-0.30270770387136076,0.530688842977512,1.1035424475534723,-2.955000970457568,-0.06607577093265074,-0.17646708172425135
305,-0.9391689446666592,-0.4294814723412067,0.7813362737154029,-0.30412773693734807,0.5338677535154561,1.111765889303387,-2.8872923200265115,-0.052392193883239555,-0.16311365194943928
306,-0.9391689446666592,0.6740187699900277,0.7813362737154029,-0.3042753495853568,0.5370772868069645,1.119751696624284,-2.846075080152633,-0.029470896846833565,-0.13566635708287222
307,-0.9391689446666592,-0.4294814723412067,0.7813362737154029,-0.30315773005904434,0.5402719723341993,1.1274843830332053,-2.779722723131832,-0.015041221891925813,-0.1224373229828368
308,-1.2238619863183646,-0.4294814723412067,0.7813362737154029,-0.300791535136828,0.5434037973845983,1.1349485227129432,-2.739338392280315,0.00897139913117081,-0.09452254715860091
309,-0.654475903014954,-0.4294814723412067,0.9778547988709244,-0.2972024861917341,0.5464231734406312,1.142128952038552,-2.6743925445463406,0.02420291988409183,-0.0814271110815732
310,-0.36978286136324856,0.3061853558796163,1.1743733240264456,-0.29242487213230783,0.5492799166724794,1.1490109772475354,-2.6347482870538146,0.04933136053899721,-0.053046308115147836
311,-1.2238619863183646,8.030687052198257,1.1743733240264456,-0.2865009694671461,0.5519242194031689,1.1555805855015038,-2.571269916917653,0.06535664000479363,-0.04009975026149316
312,0.7689893052435728,1.777519012321262,1.1743733240264456,-0.2794803917843858,0.5543075876114001,1.1618246557476115,-2.5322823441679345,0.09156885490964084,-0.01125876272566268
313,0.48429626359186734,1.4096855982108507,1.1743733240264456,-0.27141938257426806,0.5563837202772749,1.1677311652624558,-2.470341942287149,0.10832519249937701,0.0015180837893886729
314,0.19960322194016192,-0.06164805823079528,1.1743733240264456,-0.26238006629636507,0.5581093112048844,1.1732893875531185,-2.431932639940731,0.1355432598980972,0.030809967026149094
315,0.1996032219401621,0.3061853558796163,1.370891849181967,-0.2524296726045395,0.5594447616601685,1.178490077289495,-2.3716097090836885,0.15292472144570698,0.0433914824956059
316,0.1996032219401621,0.3061853558796163,1.5674103743374883,-0.24163974757419973,0.560354799259331,1.1833256380416,-2.3337014853866034,0.18103657255294592,0.07312277073276935
317,-0.6544759030149541,0.30618535587961615,1.5674103743374883,-0.2300853639932237,0.5608090025142755,1.1877902687963524,-2.275084835604587,0.19890540768839435,0.08547955588554919
318,0.48429626359186734,1.777519012321262,1.370891849181967,-0.21784434092031543,0.5607822314507921,1.1918800856374765,-2.2375984772145463,0.22777578727309603,0.11563809902438889
319,1.3383753885469833,2.145352426431674,1.370891849181967,-0.20499648120634564,0.5602549643790333,1.195593215683108,-2.1807872905741257,0.245972412638677,0.12773818442848808
320,-0.6544759030149541,0.6740187699900277,1.370891849181967,-0.19162283447120362,0.5592135407342845,1.1989298613355241,-2.1436384749392534,0.2754522041989571,0.1583129815936202
321,-0.6544759030149541,-0.06164805823079528,1.370891849181967,-0.17780499173650474,0.5576503108248084,1.2018923339174359,-2.0887440544249243,0.2938033284460348,0.17012316713923525
322,0.7689893052435728,-0.06164805823079528,1.370891849181967,-0.16362441631937866,0.5555636953192221,1.204485056682597,-2.051840025053625,0.3237372282809517,0.20110638803022024
323,-0.9391689446666591,-0.4294814723412067,1.370891849181967,-0.14916181407402024,0.5529581593745613,1.2067145379611397,-1.9989881996901653,0.34206225640014687,0.21259361747449412
324,-0.9391689446666595,1.0418521841004393,1.1743733240264456,-0.1344965451543289,0.549844107220585,1.2085893158849264,-1.9622237564407232,0.37229507538463985,0.24398278663749462
325,2.192454513502099,1.0418521841004391,1.1743733240264456,-0.11970607921939667,0.5462377024121096,1.2101198767691783,-1.9115579508319156,0.390411093639521,0.2551154663901956
326,-0.36978286136324856,-0.4294814723412067,1.1743733240264456,-0.10486549609670637,0.542160617552116,1.2113185497697343,-1.8748101807725959,0.420793130248143,0.28691579231358433
327,-0.36978286136324856,-0.06164805823079528,1.1743733240264456,-0.09004703389281109,0.5376397160713536,1.2121993808185207,-1.8264952637553762,0.438518987664056,0.2976649813875481
328,-0.9391689446666591,4.720186325204554,0.9778547988709244,-0.07531968594271478,0.5327066680180107,1.2127779890237185,-1.789616330950775,0.46891116328897126,0.3298918589554295
329,0.7689893052435728,1.4096855982108507,1.1743733240264456,-0.06074884693947104,0.5273975016638909,1.2130714087286163,-1.7438435739915432,0.48607134244198197,0.3402322788813308
330,1.6230684301986888,0.30618535587961615,1.1743733240264456,-0.04639600783174039,0.5217520934590664,1.2130979202961016,-1.7066506347420176,0.5163508663144021,0.3729140592612442
331,0.1996032219401621,-0.4294814723412067,1.1743733240264456,-0.03231849887464265,0.5158136012692075,1.212876872457858,-1.663644283803689,0.532779748660136,0.38282489886132376
332,-0.9391689446666591,1.777519012321262,0.9778547988709244,-0.01856927978563271,0.5096278495698628,1.2124284987939289,-1.625904991097538,0.5628469020028147,0.41600611016734107
333,-0.9391689446666591,-0.4294814723412067,0.9778547988709244,-0.005196774619577186,0.503242678583714,1.2117737306500753,-1.5859311765062494,0.5783936950656541,0.42547162118183235
334,-0.9391689446666595,-0.4294814723412067,1.1743733240264456,0.007755252659667983,0.49670727096168743,1.210934008544684,-1.5473422225788451,0.6081799897384922,0.45921694239113475
335,-0.08508981971154334,-0.06164805823079528,1.1743733240264456,0.020247786534502935,0.4900714697919062,1.2099310937860284,-1.5107213197635494,0.6227141878800323,0.4682268306660983
336,1.3383753885469833,0.6740187699900277,1.1743733240264456,0.03224661581484205,0.48338510110754673,1.2087868815962877,-1.470875536911522,0.6521920049590709,0.5026262979490536
337,0.48429626359186734,-0.4294814723412067,1.1743733240264456,0.04372235873602462,0.47669731280371835,1.2075232166192666,-1.4379996881256119,0.6656091239693412,0.5111759146070477
338,0.19960322194016192,0.6740187699900277,1.370891849181967,0.05465045753657567,0.4700559401478809,1.2061617113888865,-1.3963336964813065,0.6948031419283967,0.5463521362461091
339,-1.2238619863183646,-0.06164805823079528,1.370891849181967,0.06501114270696798,0.46350690635583647,1.2047235681910502,-1.367692709397504,0.7070304771941017,0.5544424663682398
340,-0.08508981971154314,1.4096855982108507,1.3490564574980204,0.07478936809472037,0.4570936653108954,1.2032294047599397,-1.323400537141599,0.7360316010739204,0.5905611483615134
341,0.7689893052435725,-0.06164805823079528,1.3217622178930866,0.08397471897735671,0.4508566924579035,1.2016990844335167,-1.2996225094193727,0.7470336912114333,0.5981985697864607
342,0.48429626359186734,-0.06164805823079528,1.3217622178930866,0.0925612952414931,0.4448330292570711,1.2001515517626538,-1.2515064549163903,0.7760168592112399,0.6354846422426674
343,-0.08508981971154314,-0.06164805823079528,1.3217622178930866,0.10054757121077632,0.43905588632955156,1.1986046750675063,-1.2334255131855487,0.7858001358209148,0.6426803807280206
344,-0.36978286136324856,1.4096855982108507,1.1252436927375653,0.10793623333408044,0.4335543102470477,1.1970750979701867,-1.1796228039987393,0.8150487637672934,0.6814440181290186
345,-0.6544759030149541,-0.06164805823079528,0.9287251675820438,0.11473399721842573,0.4283529184399904,1.1955781024276166,-1.1683999643118719,0.8236646158197045,0.6882131597654515
346,-0.9391689446666591,-0.4294814723412067,0.9287251675820438,0.12095140581241506,0.42347170600864686,1.1941274861641353,-1.1058422536849437,0.8536077756421557,0.7288943631218594
347,1.6230684301986888,-0.4294814723412067,0.9287251675820438,0.1266026101786678,0.4189259276633819,1.1927354575436573,-1.1031993715521646,0.8611531452346205,0.7352541939171963
348,-1.2238619863183646,-0.06164805823079528,1.1743733240264456,0.13170513309835258,0.4147260574866007,1.1914125507249116,-1.0264333489177364,0.8924300160109798,0.7785050225695722
349,0.1996032219401623,-0.06164805823079528,1.1743733240264456,0.13627961427203075,0.4108778281449954,1.1901675634371394,-1.0351540385614257,0.8990448337654044,0.7844723008737573
350,1.0536823468952778,-0.06164805823079528,1.1743733240264456,0.1403495347574804,0.40738234935184464,1.1890075190795926,-0.9334057872683987,0.9326338045285585,0.8313236341514563
351,1.0536823468952783,0.30618535587961615,0.9778547988709242,0.14394091769193137,0.4042363031650376,1.1879376543085682,-0.9585582674741204,0.938495158279237,0.8369099873472857
352,1.3383753885469833,-0.4294814723412067,0.9778547988709242,0.14708200225368265,0.4014322116088191,1.1869614329320604,-0.8069588002073156,0.9760162154455074,0.8891563959063592
353,0.7689893052435728,1.4096855982108507,0.9778547988709242,0.14980288852308002,0.39895877033299304,1.1860805867040747,-0.8594596492606408,0.981330244661225,0.8943597492860834
354,0.48429626359186734,-0.4294814723412067,0.9778547988709242,0.15213515274120748,0.39680124057633026,1.1852951833297267,-0.5850043912737158,1.0259089010126776,0.9556358919726322
355,0.7689893052435728,1.0418521841004391,0.9778547988709242,0.1541114351943577,0.39494189062060536,1.1846037215522653,-0.6946737481463039,1.0309030613394397,0.9604211143736564
356,-0.08508981971154314,-0.06164805823079528,0.9778547988709242,0.15576500586346778,0.3933604772881152,1.1840032526080795,-0.0072466185559772025,1.0905902032690769,1.0403752337066074
357,-0.6544759030149541,0.3061853558796163,0.9778547988709242,0.1571293154506205,0.3920347577916718,1.1834895266777887,-0.26329069419195383,1.0955102424796177,1.0446130405799066
358,0.19960322194016192,0.30618535587961615,0.9778547988709242,0.15823754110451443,0.3909410221622662,1.1830571622846355,1.1749996308859867,1.2125556187318398,1.1932872091070763
