trial_index,pfc_mag_standardized,dms_mag_standardized,prpd_standardized,pfc_mag_filtered,dms_mag_filtered,prpd_filtered,pfc_phase,dms_phase,prpd_phase
1,-0.4153715899279549,0.6661110042881406,-0.2012563520622038,-0.4140321946792432,0.562849629350585,-0.2723474248244271,-2.8196433722494323,-0.14907798740511968,1.661045179936978
2,0.5460704091725271,-0.3013037605603558,1.7639288994930096,-0.39181772192770103,0.5145150969931831,-0.28165187277745835,-2.809719705234199,0.35707695414098756,1.7034369659657327
3,1.6677527414564226,-0.7850111429846034,0.7813362737154029,-0.37034144996062807,0.466226278120559,-0.2925531891433235,-2.756449324158556,0.4485219217297111,1.707001062442902
4,-0.8960925894781958,-0.3013037605603558,0.45380539845620066,-0.34967447020626813,0.4181872409558673,-0.3050839939253053,-2.729796484621222,0.6610128186951055,1.7342249927683278
5,-0.5756119231113684,-0.7850111429846034,0.29003996082659955,-0.32988373579381336,0.3705996226704983,-0.31926708006050963,-2.687873802483558,0.7475197735844403,1.7396350656526383
6,0.22558974280569974,-0.7850111429846034,0.19178069824883892,-0.31103159013123494,0.3236607929276795,-0.33511483745504433,-2.663176231297269,0.8931250031273745,1.764235592360646
7,-0.7358522562947821,-0.3013037605603558,0.45380539845620066,-0.2931753233266121,0.2775620891843927,-0.3526287868500744,-2.629276830646888,0.9763094942579041,1.7715874395935258
8,0.5460704091725269,-0.7850111429846034,0.36022514838214287,-0.2763667581468606,0.2324871484330213,-0.37179923403625564,-2.608957468924901,1.0914496978984904,1.7961438866427217
9,-0.7358522562947821,-0.7850111429846034,0.29003996082659955,-0.26065186662937423,0.18861035650191138,-0.3926050522527097,-2.5823201111482827,1.1721215123939785,1.8054685780840987
10,-1.216573255845023,-0.7850111429846034,0.23545148161673252,-0.24607041817803443,0.14609543257024854,-0.41501359814106,-2.567595147240708,1.2694348810690887,1.830946880441839
11,-0.4153715899279549,-0.3013037605603558,0.19178069824883892,-0.23265565975392438,0.1050941632111061,-0.43898076413943404,-2.5483743360302524,1.3480208645246479,1.8422155036955765
12,-0.2551312567445412,-1.2687185254088515,-0.004737826906682428,-0.22043402889021071,0.06574529699350157,-0.4644511676793973,-2.5403371763747717,1.4334145781640415,1.8690342959410056
13,0.06534940962228623,-0.3013037605603558,-0.004737826906682428,-0.2094249010016122,0.028173607445616516,-0.4913584750862192,-2.5291154369161957,1.5101463058540754,1.8821710350974228
14,-0.2551312567445412,-0.7850111429846034,-0.004737826906682428,-0.19964037359420536,-0.007510870930994881,-0.5196258557666253,-2.528837995174083,1.5868643855891733,1.910494879909411
15,0.5460704091725271,-0.3013037605603558,-0.004737826906682428,-0.1910850909050993,-0.04121343187427156,-0.5491665601376509,-2.526314392291276,1.661862135073798,1.9253907688962213
16,0.22558974280569974,0.1824036218638924,-0.004737826906682428,-0.18375611279580928,-0.07285511285545411,-0.5798846127837326,-2.5346665943275317,1.7318716450394658,1.9552466444498662
17,-0.09489092356112769,-0.785011142984604,-0.004737826906682428,-0.1776428313615785,-0.1023729403240058,-0.6116756104436981,-2.5412768248861832,1.80518555834092,1.9717719073647708
18,-1.216573255845023,-0.7850111429846034,-0.004737826906682428,-0.1727269378652956,-0.12972001005021883,-0.6444276125257722,-2.558525441388335,1.8697571980306826,2.0031073706567195
19,0.06534940962228603,0.6661110042881406,-0.9873304526842892,-0.16898244157996428,-0.15486540928224898,-0.6780221098769789,-2.5739181827792463,1.9413887663960454,2.0211216456909966
20,-0.4153715899279549,0.1824036218638924,-0.9873304526842892,-0.1663757414479654,-0.1777939885392524,-0.7123350555646152,-2.5991693555532858,2.0013753768701132,2.0538383560854245
21,-0.5756119231113684,-0.7850111429846034,-0.9873304526842892,-0.16486575151712388,-0.1985059917829067,-0.7472379397266785,-2.6216527089169217,2.071288917642561,2.0731987215841974
22,0.7063107423559407,-0.7850111429846034,-1.3148613279434913,-0.16440408174924792,-0.21701655421974048,-0.7825988894962795,-2.652410502482662,2.1272723491591727,2.107173462536539
23,1.1870317419061815,-1.2687185254088515,-1.4786267655730927,-0.1649352765077735,-0.23335507707405903,-0.8182837748230799,-2.6787405778850393,2.195400907658076,2.1277404704735403
24,-1.0563329226616094,-1.2687185254088515,-1.5768860281508534,-0.16639711330452933,-0.24756448892469052,-0.8541573016178117,-2.7110528509028384,2.2477747959456336,2.1628389244586113
25,0.7063107423559407,0.1824036218638924,-1.5768860281508534,-0.1687209638702168,-0.2597004043073225,-0.890084074833365,-2.736974960478218,2.3140226103608734,2.184480940065434
26,0.5460704091725271,-0.3013037605603558,-1.3148613279434913,-0.1718322183473309,-0.26983019232237343,-0.9259296157449561,-2.7663981148646193,2.3630409984283656,2.2205668604649955
27,0.38583007598911323,-0.3013037605603558,-1.4084415780175492,-0.17565077185130046,-0.2780319703359547,-0.9615613196886831,-2.7878342269495495,2.427283471083092,2.2431630194382857
28,0.8665510755393546,1.1498183867123881,-1.4786267655730927,-0.18009157112315427,-0.28439353969114406,-0.9968493426464871,-2.8107262110367275,2.4730896161660114,2.2801043119044975
29,-0.09489092356112769,0.1824036218638924,-1.5332152447829597,-0.18506521731835374,-0.28901128115819075,-1.0316674070852698,-2.824857672896773,2.53517112973692,2.303546392899566
30,-0.8960925894781957,1.6335257691366363,-1.5768860281508534,-0.19047861893082793,-0.29198902755228434,-1.0658935192648877,-2.839157996243533,2.5778138718425483,2.3412190683795866
31,-1.216573255845023,-0.7850111429846034,-1.7734045533063747,-0.1962356867238549,-0.29343692956295225,-1.0994105918950863,-2.8447673460184064,2.637543650485268,2.3654125521318345
32,0.06534940962228603,-0.7850111429846034,-1.7734045533063747,-0.2022380610250283,-0.2934703285100658,-1.1321069676835465,-2.849957025998186,2.676985539100576,2.4037032080110463
33,-0.4153715899279549,-0.3013037605603558,-1.7734045533063747,-0.20838586143223048,-0.2922086470483554,-1.1638768410806826,-2.8470978001505536,2.73413187476838,2.428567749560069
34,0.5460704091725269,2.1172331515608844,-1.5768860281508532,-0.21457844979231755,-0.2897743067127298,-1.1946205774372616,-2.8436873138937986,2.770251795621761,2.4673750297949653
35,-0.8960925894781958,0.1824036218638924,-1.5768860281508532,-0.22071519846744103,-0.2862916800634106,-1.224244930815399,-2.833133463900457,2.8245351614870224,2.492844507147855
36,-0.4153715899279547,-1.2687185254088515,-1.3803675029953322,-0.22669625660704296,-0.2818860843766573,-1.252663163699933,-2.822122377073323,2.857127572817862,2.5320798399610855
37,-0.09489092356112769,0.6661110042881406,-1.3803675029953322,-0.23242330728100766,-0.27668282234975633,-1.2797950736595531,-2.8049201677431923,2.9082134427078823,2.5581020847173415
38,-0.7358522562947821,0.1824036218638924,-1.5768860281508532,-0.23780030834137125,-0.27080627320555045,-1.3055669334602096,-2.7874296266447773,2.9369864006807,2.597689895069687
39,-0.5756119231113684,-1.2687185254088515,-1.3803675029953322,-0.2427342101427155,-0.2643790358041277,-1.3299113521998511,-2.764633744357952,2.9844793933434883,2.6242261776932363
40,-0.5756119231113684,-0.7850111429846034,-1.3803675029953322,-0.24713564378978753,-0.2575211243614884,-1.3527670657882496,-2.741715849556533,3.0090545640739226,2.664103714983499
41,-0.2551312567445412,-0.3013037605603558,-1.3803675029953322,-0.2509195743051634,-0.25034921698626134,-1.3740786656570412,-2.714269101225291,3.052497031692272,2.69112804311488
42,-0.2551312567445412,-0.7850111429846034,-1.3803675029953322,-0.25400591398795486,-0.24297595747824544,-1.3937962750149318,-2.6868325652721996,3.072416792842657,2.731244928468776
43,-0.8960925894781957,0.6661110042881406,-1.3803675029953322,-0.2563200921642023,-0.23550931177548035,-1.4118751822472855,-2.655528827567817,3.1112971818242308,2.7587432023980183
44,0.06534940962228603,0.6661110042881406,-1.3803675029953322,-0.25779357833556626,-0.22805198170386226,-1.4282754411843228,-2.624325583082831,3.126046807181661,2.799060768130821
45,-0.5756119231113687,2.1172331515608844,-1.3803675029953322,-0.2583643563709272,-0.22070087951473846,-1.4429614479577124,-2.5898125386017923,-3.1233590830661817,2.8270298215394063
46,-0.4153715899279549,0.1824036218638924,-1.3803675029953322,-0.2579773479486887,-0.2135466663708415,-1.45590150407238,-2.5554508250683656,-3.1143023183013994,2.8675202905035
47,0.7063107423559407,-0.7850111429846034,-1.1838489778398105,-0.2565847839774237,-0.2066733560589703,-1.4670673751582053,-2.5182480787682224,-3.086133193623602,2.895966833072767
48,-0.8960925894781958,-1.2687185254088515,-1.1838489778398105,-0.2541465231001815,-0.20015798209624755,-1.4764338546245666,-2.481214134815868,-3.0832085782258547,2.9366123690488126
49,-0.2551312567445412,-0.7850111429846034,-1.1838489778398105,-0.2506303164936923,-0.19407032331086982,-1.4839783410712046,-2.441734905351426,-3.0610279614653733,2.9655518411986614
50,-0.8960925894781958,-0.7850111429846034,-1.1838489778398105,-0.24601201801122735,-0.1884726813933939,-1.4896804377418016,-2.4024151714066706,-3.064443692926769,3.0063434934098034
51,-0.8960925894781958,-0.3013037605603558,-1.1838489778398105,-0.24027573856488524,-0.1834197043841539,-1.4935215815102625,-2.360986571641516,-3.048344477664397,3.0357988454558913
52,0.38583007598911323,-0.7850111429846034,-1.1838489778398105,-0.23341394391035553,-0.1789582519372819,-1.4954847079082956,-2.319687262493578,-3.0578769506138053,3.0767354136352862
53,-0.09489092356112769,-0.7850111429846034,-1.1838489778398105,-0.22542749581466387,-0.1751273004386079,-1.4955539576189212,-2.276567464286233,-3.047477013833298,3.106735832970717
54,-0.8960925894781958,1.1498183867123881,-1.1838489778398105,-0.21632563760708862,-0.17195788804395323,-1.4937144287347883,-2.233530682617415,-3.0622627924758548,-3.135362617560426
55,0.22558974280569974,-0.3013037605603558,-1.1838489778398105,-0.20612592583039588,-0.16947310130385046,-1.489951977938179,-2.188922777127365,-3.056544618690392,-3.1047829958922386
56,0.06534940962228603,1.1498183867123881,-1.1838489778398105,-0.1948541099706198,-0.1676881060948423,-1.4842530726107026,-2.1443393869170246,-3.07496842176425,-3.0635350824944987
57,0.06534940962228603,-0.7850111429846034,-1.3803675029953322,-0.1825439622718081,-0.16661022575676282,-1.4766046947343425,-2.0984023845854374,-3.0722569245625078,-3.0323384409380747
58,0.22558974280569974,1.1498183867123881,-1.3803675029953322,-0.16923705955421736,-0.166239068537293,-1.466994296327412,-2.052422207599898,-3.0920593629374133,-2.9909144377787222
59,-1.0563329226616094,1.1498183867123881,-1.5768860281508532,-0.15498251860598486,-0.16656670502120063,-1.4554098051329312,-2.0052797378887357,-3.090226569474655,-2.9590604756180685
60,0.5460704091725269,-0.785011142984604,-1.5768860281508532,-0.13983668609980926,-0.1675778945569544,-1.441839678444733,-1.9580196204406362,-3.1088712090012627,-2.9174421277536684
61,-1.0563329226616094,-0.7850111429846034,-1.5768860281508532,-0.12386278341326042,-0.16925035784548373,-1.4262730024174162,-1.9097668008077329,-3.1057360537203316,-2.8848891592695214
62,-1.216573255845023,0.1824036218638924,-1.3803675029953322,-0.10713050655044969,-0.17155509094248567,-1.408699634002267,-1.8613169650591663,-3.1209071866430604,-2.8430559142928056
63,1.1870317419061815,0.1824036218638924,-1.3803675029953322,-0.08971558171443357,-0.17445671451212919,-1.3891103827325,-1.8120257612506432,-3.1146578667402287,-2.809761848623361
64,-0.5756119231113684,-0.3013037605603558,-1.3803675029953322,-0.07169927792719165,-0.17791385170136884,-1.3674972298080734,-1.7624547197084703,-3.1246587696741797,-2.7676916568212544
65,-0.4153715899279548,-1.2687185254088515,-1.1838489778398105,-0.05316787917250278,-0.18187952815745398,-1.3438535821363315,-1.71217803273442,-3.1141079659107596,-2.7336148685697252
66,-0.7358522562947821,-0.3013037605603558,-1.1838489778398105,-0.03421211939783089,-0.1863015879233607,-1.3181745590629217,-1.6615363143759352,-3.118006727662176,-2.6912848766241346
67,1.026791408722768,-0.7850111429846034,-0.987330452684289,-0.014926584206365869,-0.19112311926144573,-1.2904573094469753,-1.6103110486214771,-3.102615365119286,-2.656384992820991
68,0.38583007598911323,-0.3013037605603558,-0.987330452684289,0.004590916495124803,-0.19628288530013405,-1.2607013564808573,-1.5586340156201979,-3.100155546087927,-2.613772156298855
69,0.22558974280569974,-1.2687185254088515,-0.987330452684289,0.024240000169322685,-0.20171575583023563,-1.2289089671970719,-1.5064833965787932,-3.0798952128239603,-2.5780107829808676
70,-0.7358522562947821,-0.7850111429846034,-0.987330452684289,0.04391838287475258,-0.2073531382676768,-1.1950855429313454,-1.4537934128596304,-3.0712910758042935,-2.5350924134226167
71,-0.2551312567445412,1.6335257691366363,-0.987330452684289,0.06352256586518122,-0.2131234075329048,-1.159240026169396,-1.4007287883344932,-3.0464559057261984,-2.4984338094775405
72,-0.4153715899279547,-0.7850111429846034,-1.1838489778398105,0.08294853406832352,-0.21895233628597274,-1.1213853182976112,-1.3470369536826152,-3.032183966660841,-2.4551880529721917
73,0.22558974280569974,0.1824036218638924,-1.1838489778398105,0.10209246299909998,-0.2247635282253614,-1.0815387019259435,-1.293059240922385,-3.003227494153171,-2.4175997373395233
74,1.026791408722768,-0.7850111429846034,-1.1838489778398105,0.12085142992334931,-0.23047885751298916,-1.0397222607732202,-1.2383667924918886,-2.9838694426469474,-2.3740059613470272
75,-1.216573255845023,-0.7850111429846034,-1.3803675029953322,0.13912412407386146,-0.23601891694068697,-0.9959632897055648,-1.1834676047761066,-2.9512927076651057,-2.335459222735
76,0.06534940962228623,-0.3013037605603558,-1.3803675029953322,0.15681155003209402,-0.24130347698590127,-0.95029468746453,-1.1277669923992533,-2.927437911558316,-2.291498278395035
77,0.06534940962228603,0.1824036218638924,-1.3803675029953322,0.17381771809997879,-0.24625195806447184,-0.9027553249361454,-1.0719294584094476,-2.8917249844476487,-2.2519685549835633
78,1.1870317419061815,1.6335257691366363,-1.1838489778398105,0.19005031515565415,-0.25078391901623553,-0.8533903824996308,-1.015205143843538,-2.863919648630287,-2.2076228902011117
79,1.1870317419061815,-0.7850111429846034,-1.1838489778398105,0.20542134889522828,-0.2548195654876674,-0.8022516510265747,-0.9584044980240259,-2.8255068630948257,-2.16709000274132
80,0.22558974280569974,1.1498183867123881,-0.987330452684289,0.21984775801188616,-0.2582802816242476,-0.7493977923706907,-0.9006335811147202,-2.794233471066697,-2.122343625073289
81,1.026791408722768,-0.7850111429846034,-0.7908119275287678,0.23325198144651924,-0.26108918709445117,-0.6948945565250778,-0.8428376571645992,-2.7534993142574162,-2.0807918750708123
82,1.6677527414564226,1.1498183867123881,-0.7908119275287678,0.24556248143852302,-0.2631717194195452,-0.6388149538690917,-0.783990518464564,-2.7191733195660186,-2.035630194748697
83,0.38583007598911323,1.1498183867123881,-0.5942934023732466,0.25671421724322985,-0.26445623953504055,-0.5812393819728029,-0.7251604062906392,-2.676439446007995,-1.9930483687098777
84,-0.2551312567445412,-0.7850111429846034,-0.5942934023732466,0.2666490687085017,-0.26487465660295456,-0.5222557072198826,-0.6652016865814561,-2.639414443622746,-1.9474579768560543
85,-0.7358522562947821,-0.7850111429846034,-0.39777487721772525,0.2753162112593767,-0.26436306603743465,-0.46195930205272706,-0.6052928970097904,-2.594951698675858,-1.903839313072432
86,-0.4153715899279549,-0.7850111429846034,-0.2012563520622038,0.2826724457478453,-0.2628623925156689,-0.40045303897752765,-0.5441831397298469,-2.5555278275082554,-1.8578077571126805
87,-0.7358522562947821,-0.3013037605603558,-0.2012563520622038,0.28868248730343665,-0.260319028112125,-0.33784724261877325,-0.4831475466017219,-2.5095637745265638,-1.8131499287155681
88,-0.7358522562947821,0.66611100428814,-0.2012563520622038,0.29331921639303804,-0.25668545530129666,-0.27425960106830705,-0.42084567380376375,-2.467996521910556,-1.7666655390247634
89,2.308714074190078,-0.3013037605603558,-0.2012563520622038,0.2965638931325603,-0.2519208452118567,-0.20981503752186906,-0.3586342800798558,-2.420722685468574,-1.720970693838436
90,-1.0563329226616094,-0.7850111429846034,-0.004737826906682482,0.2984063333009035,-0.24599162224514848,-0.1446455427945717,-0.29510081586995035,-2.377230824232892,-1.67402250138941
91,-1.0563329226616096,-0.7850111429846034,-0.004737826906682482,0.2988450423624305,-0.23887198633575385,-0.07888996887379723,-0.2316671726473983,-2.3288089993056666,-1.6272973815371075
92,-1.216573255845023,-0.3013037605603558,-0.004737826906682482,0.29788730250870393,-0.23054438395568097,-0.012693783285711895,-0.1668680087859487,-2.2835813320222638,-1.5798751484160773
93,2.7894350737403184,-1.2687185254088515,0.19178069824883887,0.29554920670656293,-0.22099991913843042,0.05379121628245777,-0.1021721185237291,-2.2341488695735787,-1.5321312927760653
94,1.6677527414564226,1.1498183867123881,-0.004737826906682482,0.2918556321452252,-0.21023869666953543,0.12040722797807518,-0.03608268586999151,-2.1873497899866883,-1.4842256603721453
95,1.827993074639836,-1.2687185254088515,0.19178069824883887,0.28684014375301736,-0.19827009088647402,0.18699081356321068,0.02990471963498469,-2.13702391250666,-1.4354796778247423
96,3.4303964064739727,0.6661110042881406,0.19178069824883887,0.2805448183197805,-0.1851129347230425,0.25337330937882774,0.09729501584003979,-2.08879790858152,-1.387082426709554
97,-0.7358522562947821,-1.2687185254088515,0.19178069824883887,0.27301998236714636,-0.17079562436496465,0.3193812820269225,0.16458794682092992,-2.0376792137191453,-1.3373563183831323
98,0.06534940962228623,-0.3013037605603558,0.19178069824883887,0.26432386172726013,-0.15535613520571304,0.3848370303205661,0.23327108606456876,-1.9881545279812614,-1.288460725671503
99,-0.4153715899279549,-0.7850111429846034,0.19178069824883887,0.2545221461552917,-0.13884194509584943,0.44955913494706756,0.3018633782700034,-1.9363298642158076,-1.2377822259453883
100,-1.0563329226616094,-0.7850111429846034,0.19178069824883887,0.24368747639356517,-0.12130986157055698,0.5133630570483896,0.3718075703637393,-1.8856214741522916,-1.1883834982283479
101,0.06534940962228603,-0.3013037605603558,0.19178069824883887,0.23189886280788852,-0.10282575096943913,0.5760617865061542,0.44166714640188326,-1.8331662711135093,-1.136786397326262
102,1.9882334078232498,0.6661110042881406,0.19178069824883887,0.21924104415549023,-0.08346416900045592,0.6374665400900372,0.5128108147847367,-1.7813782496076,-1.086882150586555
103,-0.09489092356112727,-1.2687185254088515,0.3882992234043603,0.20580379336222368,-0.06330789401587388,0.6973875087771122,0.5838729833525979,-1.7283583298576326,-1.0344065564287144
104,-0.41537158992795514,-0.7850111429846034,0.5848177485598817,0.19168117579963004,-0.04244736569186842,0.7556346524980168,0.6561181024985554,-1.675585639449069,-0.9839973092641607
105,1.5075124082730087,-0.7850111429846034,0.7813362737154029,0.1769707653130407,-0.020980032878158993,0.8120185393935578,0.7282784349064292,-1.6220585657363216,-0.9306898054957518
106,-0.09489092356112769,-0.7850111429846034,0.5848177485598817,0.1617728239485818,0.000990384432979264,0.8663512255236663,0.8014840296580619,-1.5683883548821285,-0.8797794532282351
107,0.7063107423559407,-0.7850111429846034,0.7813362737154029,0.14618945223009622,0.023354712247380453,0.9184471700166479,0.8745917553487123,-1.5144043447527593,-0.8256931196639123
108,-0.09489092356112769,0.1824036218638924,0.7813362737154029,0.13032371767246329,0.045999209565636925,0.9681241799270758,0.9485685419047405,-1.4599167520506606,-0.7742893681161808
109,-0.5756119231113684,-0.3013037605603558,0.9778547988709242,0.11427877011375573,0.06880651326348258,1.0152043784970384,1.0224214534892988,-1.4055191325430096,-0.7194836478156305
110,-0.8960925894781958,-0.3013037605603558,1.1743733240264458,0.09815695326081507,0.09165662639505846,1.0595151899865043,1.0969285615995918,-1.3502875906526273,-0.6675983984245529
111,2.7894350737403184,3.568355298833628,1.1743733240264458,0.08205892213442112,0.11442793353213287,1.1008903337621712,1.171270366183069,-1.2955128251197074,-0.6121388094701959
112,-1.0563329226616096,-1.2687185254088515,0.9778547988709242,0.0660827757395227,0.13699822567501607,1.1391708200084276,1.246014945742277,-1.2396039714595124,-0.5597884914210182
113,-1.216573255845023,1.6335257691366363,1.1743733240264458,0.05032321380684866,0.15924571739573903,1.1742059393123947,1.320535825893178,-1.1844814328996403,-0.503746188823923
114,0.06534940962228603,2.600940533985132,1.1743733240264458,0.03487072646779288,0.18105004037456385,1.2058542384139326,1.3951760817092287,-1.1279548678040379,-0.4509520352551708
115,0.38583007598911345,0.1824036218638924,1.1743733240264458,0.019810825958117374,0.20229320002671478,1.2339844744593922,1.4695169163404678,-1.0725066344624705,-0.39440323646776343
116,-0.7358522562947821,-0.3013037605603558,1.1743733240264458,0.005223329072034741,0.2228604849938298,1.2584765400707036,1.5436686620387252,-1.0154148107121874,-0.34119150195105546
117,0.38583007598911323,-0.3013037605603558,1.370891849181967,-0.008818301969361805,0.24264132258793789,1.2792223514559835,1.61742875663958,-0.9596557286431847,-0.2842167924349419
118,0.22558974280569974,0.6661110042881406,1.370891849181967,-0.02224755360781386,0.2615300762051827,1.2961266916914234,1.6906748799553697,-0.9020441461919126,-0.23061890224987552
119,-1.0563329226616094,-0.7850111429846034,1.370891849181967,-0.03500538395571069,0.27942678234563656,1.309108001239041,1.7634223596083933,-0.8459822280326529,-0.17330243562929668
120,1.6677527414564226,-0.3013037605603558,1.370891849181967,-0.04704066892825823,0.2962378249329572,1.3180991077844508,1.8353240385067708,-0.7878898876255733,-0.11935505161388402
121,-1.0563329226616096,3.568355298833628,1.370891849181967,-0.05831056577926569,0.31187654374723245,1.3230478876180445,1.906607604326176,-0.7315268910352407,-0.061783661199489255
122,-0.7358522562947821,1.1498183867123881,1.5674103743374883,-0.06878078824819954,0.32626377279078533,1.3239178510174143,1.9767158250952035,-0.672986784767062,-0.007528650409841436
123,-1.216573255845023,-0.3013037605603558,1.5674103743374883,-0.07842578737643745,0.33932830419175336,1.320688644375321,2.0460763499940633,-0.6163187515313135,0.05020910431773335
124,-1.216573255845023,0.6661110042881406,1.5674103743374883,-0.087228832205921,0.35100727459916664,1.3133564621700733,2.1139422410986204,-0.5573582451019026,0.10472480653418233
125,-0.8960925894781957,0.6661110042881406,1.5674103743374883,-0.09518198564699859,0.361246473652946,1.3019343623650548,2.1809227286106947,-0.5003759759527938,0.1625396289744114
126,-0.7358522562947821,0.1824036218638924,1.5674103743374883,-0.10228597306026238,0.37000057663122604,1.2864524795009382,2.246105439485472,-0.44101717335077567,0.2172642642408195
127,0.38583007598911345,-0.3013037605603558,1.5674103743374883,-0.10854994415087572,0.37723330479515793,1.266958130584322,2.3102581658254087,-0.38370679597897905,0.2750671110124977
128,-1.0563329226616094,-0.3013037605603558,1.5674103743374883,-0.11399113189384409,0.38291751739963137,1.243515809818557,2.372329503369463,-0.3239670304048799,0.3299444456474302
129,-0.5756119231113684,0.6661110042881406,1.5674103743374883,-0.11863441477393276,0.3870352391762162,1.2162070692265534,2.43321985465468,-0.2663107360493289,0.38764747865646876
130,-0.8960925894781958,3.0846479164093807,1.370891849181967,-0.1225117904515927,0.3895776263807126,1.185130283273931,2.4917658256794493,-0.20620317552333753,0.44261723854210944
131,-0.2551312567445412,-1.2687185254088515,1.370891849181967,-0.1256617704022138,0.3905448735846624,1.1504002967064209,2.548973462925251,-0.14818004945970362,0.5001346981617227
132,-1.216573255845023,-0.3013037605603558,1.370891849181967,-0.1281287066165643,0.3899460631250055,1.1121479559275775,2.603594011874409,-0.08771431075073681,0.5551330698035195
133,1.8279930746398365,1.1498183867123881,1.370891849181967,-0.12996206323316167,0.38779895985489227,1.0705195252992277,2.656713068740471,-0.029301163143169072,0.6123820330871361
134,-0.5756119231113684,0.1824036218638924,1.370891849181967,-0.13121564768483787,0.3841297547388339,1.0256759907229605,2.7070221890990807,0.031516115278098535,0.6673422081496991
135,2.7894350737403184,-1.2687185254088515,1.370891849181967,-0.13194681701361943,0.37897276094398097,0.9777922538071823,2.755663036049188,0.09034390848687586,0.7242432057869147
136,0.22558974280569974,2.1172331515608844,1.370891849181967,-0.13221567483417845,0.37237006543525564,0.9270562209292023,2.8012922769565827,0.15150849835234728,0.7790959495440716
137,0.38583007598911323,1.1498183867123881,1.1743733240264458,-0.1320842726658017,0.3643711382451309,0.8736677926289116,2.845088446624883,0.21077612439378593,0.8355734289086838
138,-1.0563329226616094,1.1498183867123881,0.9778547988709242,-0.1316158262537021,0.3550324009584566,0.8178377600284825,2.88569810978436,0.2722856729353858,0.8902476565273912
139,-0.4153715899279548,-0.3013037605603558,0.7813362737154029,-0.13087395399589058,0.34441675602167143,0.75978661629857,2.924323407036471,0.3320180464468578,0.9462302867897115
140,-1.0563329226616094,1.6335257691366363,0.7813362737154029,-0.12992194194010298,0.3325930796464736,0.6997432924465561,2.9596269768272156,0.393871641865294,1.000653627345005
141,1.1870317419061815,-0.7850111429846034,0.5848177485598817,-0.12882203882101276,0.3196356829213759,0.6379438277248107,2.9928284451893385,0.45409262382156995,1.056074442476937
142,0.06534940962228623,-0.7850111429846034,0.5848177485598817,-0.12763478505772277,0.3056237473669048,0.5746299856603869,3.0226353083769344,0.5162903964745413,1.1101737632344133
143,-1.216573255845023,-0.7850111429846034,0.5848177485598817,-0.12641838052399415,0.2906407419682405,0.5100478271215437,3.050285707125571,0.5770219155880254,1.1649701400590209
144,-0.5756119231113686,-0.3013037605603558,0.3882992234043603,-0.12522809633021653,0.274773828383165,0.44444625205757443,3.0745633832343637,0.6395644655535668,1.2186720062238012
145,0.8665510755393542,0.6661110042881406,0.19178069824883887,-0.12411573579515318,0.2581132593836335,0.3780755216723182,3.096731063764023,0.7008253427523073,1.2727854873112923
146,0.22558974280569974,0.6661110042881406,0.19178069824883887,-0.12312914986790764,0.24075177301048353,0.3111857728645198,3.1156803126336663,0.7637128639089109,1.3260165469874945
147,-0.4153715899279549,1.1498183867123881,0.19178069824883887,-0.1223118126745381,0.22278398240800504,0.2440255367617576,3.1327043845967175,0.8255173473264634,1.3793925350290779
148,0.7063107423559407,2.600940533985132,0.19178069824883887,-0.1217024630361535,0.20430575989666955,0.1768402730356251,-3.136356724487772,0.8887486025238607,1.4320798336630896
149,1.026791408722768,-0.7850111429846034,0.19178069824883887,-0.12133481729560093,0.18541361406868692,0.10987093143591978,-3.1238110318119605,0.9511049170515372,1.4846671951828445
150,1.1870317419061815,1.6335257691366363,-0.004737826906682482,-0.1212373577214698,0.16620406050794348,0.04335255173658349,-3.1136729505271137,1.014676427440678,1.5367384348099962
151,-0.8960925894781958,-0.3013037605603558,-0.2012563520622038,-0.12143319921680319,0.14677298956434684,-0.02248708684444447,-3.104612232769303,1.0775857045159687,1.5884890598251193
152,0.8665510755393542,0.1824036218638924,-0.2012563520622038,-0.12194003490772674,0.1272150375060503,-0.08742875570535763,-3.097321485742608,1.1414914005372279,1.6398728297445488
153,-0.8960925894781957,-0.3013037605603558,-0.39777487721772525,-0.12277015866893522,0.10762296955147979,-0.15126299536801133,-3.0905008112457675,1.2049471133197829,1.6907411991957195
154,0.7063107423559407,-0.3013037605603558,-0.5942934023732466,-0.12393056047013219,0.08808708450054241,-0.21379125154578318,-3.084735987372839,1.2691783959981087,1.741367207815898
155,0.06534940962228623,0.6661110042881406,-0.7908119275287678,-0.12542308905486874,0.06869465102847122,-0.2748269182405573,-3.078809967093243,1.3331661678880433,1.7913100122139318
156,-0.5756119231113684,-0.7850111429846034,-0.987330452684289,-0.12724467570605033,0.0495293853839589,-0.3341962779449549,-3.0732419563941433,1.397712158585458,1.841109339585011
157,-0.2551312567445412,-1.2687185254088515,-0.987330452684289,-0.12938761229137566,0.030670979566270896,-0.39173932994559507,-3.0669484997888747,1.4622097550486628,1.8900851744388345
158,1.026791408722768,-1.2687185254088515,-0.987330452684289,-0.13183987626774724,0.012194688224052026,-0.4473104990167203,-3.0604181137340802,1.5270575246772593,1.938990551076605
159,-1.216573255845023,0.1824036218638924,-0.987330452684289,-0.1345854949612965,-0.005829018759462401,-0.5007792184444811,-3.0527347311089255,1.5920348886731486,1.9869596981204745
160,0.7063107423559407,-0.3013037605603558,-0.987330452684289,-0.13760494121467332,-0.023334733162353613,-0.5520303832034281,-3.044376466105455,1.6571694930307808,2.034905807179258
161,-0.5756119231113687,-0.7850111429846034,-0.987330452684289,-0.14087555222311166,-0.04026231275573188,-0.6009646710374769,-3.0346045364386995,1.7225887041278887,2.0818301041289535
162,-1.0563329226616096,0.1824036218638924,-0.987330452684289,-0.1443719630511429,-0.05655701368125572,-0.6474987310327559,-3.02388926411071,1.7879928789236763,2.1287539095831467
163,-1.216573255845023,-0.3013037605603558,-0.987330452684289,-0.14806654617946988,-0.07216955346850937,-0.6915652409407201,-3.0116582561883773,1.8538079984801699,2.174596721127317
164,-0.5756119231113684,0.1824036218638924,-0.987330452684289,-0.15192984881843055,-0.08705610867435751,-0.7331128360027841,-2.998364459751465,1.9194615211232473,2.220437843057688
165,0.5460704091725269,-0.7850111429846034,-0.7908119275287678,-0.15593102092078762,-0.10117825214091086,-0.7721059133452121,-2.9835788959124745,1.985618463121552,2.26516416275678
166,0.5460704091725271,0.6661110042881406,-0.7908119275287678,-0.16003822870537404,-0.11450283556534764,-0.808524317144521,-2.967723168807303,2.051497342800806,2.309865338899497
167,-0.4153715899279547,0.1824036218638924,-0.987330452684289,-0.16421905029373263,-0.1270018235026884,-0.8423629106663296,-2.9504853530969006,2.117933986567954,2.3534420645913454
168,-0.8960925894781957,-1.2687185254088515,-1.1838489778398105,-0.1684408508897577,-0.13865208515105232,-0.8736310419089854,-2.9322432735876,2.184009677326968,2.3969497495689773
169,0.22558974280569974,0.1824036218638924,-0.987330452684289,-0.17267113470848813,-0.14943515030061522,-0.9023519099789742,-2.9127778447267154,2.2506564104533044,2.4393461827881597
170,-0.09489092356112748,-0.3013037605603558,-1.1838489778398105,-0.17687787034094202,-0.1593369357921448,-0.928561839649053,-2.892414867317351,2.316895210868572,2.4816113420214583
171,-0.8960925894781957,-0.3013037605603558,-1.1838489778398105,-0.18102978611949938,-0.16834744903873852,-0.9523094719659952,-2.8710082005691824,2.383676002877594,2.5227999597597366
172,0.22558974280569974,0.1824036218638924,-0.987330452684289,-0.18509663231604626,-0.17646047570504508,-0.9736548793216799,-2.8488278157774785,2.450038717886909,2.5637791048099503
173,-0.8960925894781957,0.1824036218638924,-0.987330452684289,-0.18904940735088885,-0.18367325922098832,-0.9926686140119652,-2.825785061216811,2.516872676827357,2.603736631914269
174,-1.0563329226616096,-0.7850111429846034,-0.987330452684289,-0.19286054556794635,-0.18998618012102075,-1.0094306998853844,-2.8020938638225914,2.5833145044800374,2.6433931190902538
175,0.38583007598911345,1.1498183867123881,-0.987330452684289,-0.19650406471370432,-0.19540244316820465,-1.0240295771255812,-2.777711296597908,2.650117756241026,2.68210190396095
176,-0.7358522562947821,-0.3013037605603558,-0.987330452684289,-0.19995567215257234,-0.19992777992157823,-1.0365610104446223,-2.752797515173938,2.71658833750731,2.7204074962035483
177,-0.5756119231113684,0.1824036218638924,-0.7908119275287677,-0.20319282996710875,-0.20357017389191812,-1.0471269709943793,-2.7273463230336517,2.7832760538223758,2.7578571750760115
178,-0.09489092356112748,2.1172331515608844,-0.7908119275287677,-0.2061947801696767,-0.20633961463485712,-1.0558345021786963,-2.7014679197836577,2.8497196522965265,2.7947938524711535
179,1.3472720750895952,-0.7850111429846034,-0.7908119275287677,-0.2089425321005707,-0.20824788590090473,-1.0627945792749478,-2.6751858237812,2.916208066829705,2.8309832725559607
180,-0.8960925894781958,-0.7850111429846034,-0.9873304526842892,-0.21141881462530976,-0.20930839118884437,-1.0681209723028762,-2.6485649382468983,2.982563883050547,2.866545258187176
181,-1.216573255845023,-0.3013037605603558,-0.9873304526842892,-0.21360799578110365,-0.20953601789565626,-1.071929120901921,-2.621652841506858,3.04877219333289,2.9014846068900986
182,0.5460704091725269,1.1498183867123881,-0.9873304526842892,-0.2154959720005467,-0.20894703938015285,-1.0743350291944236,-2.594474143382526,3.114974885448929,2.935680546127221
183,-0.7358522562947821,-0.3013037605603558,-1.1838489778398105,-0.2170700284669505,-0.2075590533031341,-1.0754541878819512,-2.567095711154514,-3.1023583131143173,2.969393599210215
184,0.06534940962228603,0.6661110042881406,-0.9873304526842892,-0.2183186721353804,-0.20539095432326254,-1.0754005302598422,-2.5395068589093706,-3.0363778799823873,3.0022487863739595
185,-1.216573255845023,-0.7850111429846034,-0.9873304526842892,-0.21923143941882867,-0.20246293872966176,-1.0742854284625718,-2.511789529160942,-2.970951940469934,3.0347751325573733
186,0.5460704091725269,2.1172331515608844,-1.1838489778398105,-0.21979868104194686,-0.19879653748160264,-1.0722167360257995,-2.48390255302567,-2.9052658710576402,3.0663336106293975
187,-0.5756119231113686,-0.7850111429846034,-1.1838489778398105,-0.22001132698700204,-0.1944146726858946,-1.0692978827012631,-2.4559391257483254,-2.8403290353028603,3.0977306351497442
188,0.06534940962228603,-1.2687185254088515,-0.9873304526842892,-0.21986063490113456,-0.18934173101025936,-1.0656270273487765,-2.427832172137628,-2.775011616485457,3.128056917289964
189,-0.7358522562947821,-1.2687185254088515,-0.9873304526842892,-0.2193379257110542,-0.1836036459888626,-1.061296274675508,-2.3996826384191254,-2.7106193955369298,-3.12478404909112
190,-1.216573255845023,-0.7850111429846034,-0.9873304526842892,-0.21843431037611624,-0.17722798015455593,-1.0563909616052876,-2.371401893939969,-2.64574624961887,-3.0956039453815967
191,0.5460704091725269,0.1824036218638924,-0.9873304526842892,-0.21714041188373837,-0.17024399826862893,-1.0509890190642333,-2.3430954303733484,-2.581946632327244,-3.066215794712803
192,-1.0563329226616094,-0.3013037605603558,-0.9873304526842892,-0.21544608709437899,-0.16268272472229225,-1.045160414868507,-2.314657223398024,-2.5175936619000736,-3.03807433031764
193,-1.0563329226616094,0.1824036218638924,-0.7908119275287677,-0.21334015395112238,-0.15457698050195934,-1.038966683181568,-2.286194406958252,-2.4544271631734937,-3.0095265889730753
194,0.7063107423559407,-0.3013037605603558,-0.7908119275287677,-0.2108101306481242,-0.14596139684289183,-1.0324605457119462,-2.2575876040095073,-2.3906694054561815,-2.982295994798493
195,-0.8960925894781957,-0.3013037605603558,-0.7908119275287677,-0.2078419944249257,-0.13687240347772114,-1.0256856294473795,-2.2289430379514426,-2.328169419891215,-2.954455578831145
196,-0.8960925894781958,-0.7850111429846034,-0.5942934023732465,-0.2044199686793288,-0.12734818955373842,-1.0186762852089761,-2.200131996800003,-2.265080144140205,-2.9279906415376153
197,1.827993074639836,0.6661110042881406,-0.39777487721772514,-0.20052634796538882,-0.11742863537521217,-1.0114575106042223,-2.17125765869986,-2.203273767080974,-2.9007106669707903
198,1.8279930746398365,0.1824036218638924,-0.5942934023732465,-0.19614137099184392,-0.1071552134400559,-1.004044980028738,-2.142186064973835,-2.140923964471493,-2.8748530239065824
199,-0.41537158992795514,-1.2687185254088515,-0.5942934023732465,-0.19124315161192287,-0.09657085769876386,-0.9964451831793815,-2.113015681846108,-2.0798331919688833,-2.8479777350509248
200,0.7063107423559407,-0.7850111429846034,-0.5942934023732465,-0.18580767638890308,-0.08571980028200295,-0.9886556720910598,-2.0836115088662295,-2.0182913775843776,-2.822561476338055
201,-0.09489092356112769,0.1824036218638924,-0.39777487721772514,-0.1798088744753921,-0.07464737518309326,-0.9806654150894577,-2.054066077743233,-1.957934460206679,-2.795932278900946
202,1.3472720750895955,-0.7850111429846034,-0.39777487721772514,-0.17321876212936804,-0.06339978903831792,-0.9724552543982241,-2.024247599921558,-1.897266598658002,-2.770790430943972
203,-0.4153715899279547,-0.7850111429846034,-0.39777487721772514,-0.1660076612372019,-0.052023860469789004,-0.9639984624906468,-1.9942417442952247,-1.8376592537787915,-2.744252507100426
204,0.5460704091725271,1.1498183867123881,-0.5942934023732465,-0.1581444888733453,-0.04056673110277394,-0.9552613905572319,-1.9639240551753312,-1.7779285487415226,-2.7192238029936946
205,-1.0563329226616096,-1.2687185254088515,-0.7908119275287677,-0.1495971128261777,-0.02907555290860382,-0.9462042006237639,-1.9333724957400071,-1.719084758168628,-2.692632666107583
206,0.38583007598911323,0.1824036218638924,-0.7908119275287677,-0.1403327661307828,-0.017597157769146964,-0.936781670995149,-1.9024737372927734,-1.6603511412589196,-2.6675679391425224
207,-0.5756119231113687,-0.3013037605603558,-0.9873304526842892,-0.1303185123217442,-0.006177716069717495,-0.9269440630257446,-1.8712970989046904,-1.6022834441649918,-2.64079527331492
208,-0.8960925894781958,1.1498183867123881,-1.1838489778398105,-0.11952175256048703,0.005137608188650038,-0.9166380359179159,-1.8397436961540694,-1.5446027656783061,-2.6155628505207584
209,0.22558974280569974,1.6335257691366363,-1.1838489778398105,-0.10791076587855336,0.01630499770908812,-0.9058075954206489,-1.8078730562506726,-1.4873221035938615,-2.5885010810252744
210,0.5460704091725271,-0.3013037605603558,-1.1838489778398105,-0.09545527428512432,0.027282309485405536,-0.8943950619594833,-1.7756035103783678,-1.4307451217435454,-2.5629907102926412
211,0.38583007598911323,-0.7850111429846034,-1.1838489778398105,-0.08212702516229231,0.0380293823542832,-0.8823420438630111,-1.7429834174046142,-1.3742603896439805,-2.5355559597297797
212,-0.8960925894781957,0.1824036218638924,-1.1838489778398105,-0.06790038378857075,0.04850831897203593,-0.8695904018881166,-1.7099505700210647,-1.3188317398960434,-2.5096810483940604
213,-0.2551312567445412,1.1498183867123881,-1.380367502995332,-0.05275292863433882,0.0586837383619135,-0.8560831920549138,-1.6765406099411668,-1.263149246466373,-2.481814395360326
214,-0.4153715899279547,-0.3013037605603558,-1.1838489778398105,-0.03666604150429301,0.06852299594472595,-0.8417655747683341,-1.6427125801865312,-1.208906497723512,-2.4555125974073513
215,0.38583007598911323,-0.3013037605603558,-1.1838489778398105,-0.019625484352699788,0.07799636803331882,-0.8265856792908285,-1.6084877589749775,-1.1540293327490911,-2.4271797916509237
216,-0.2551312567445412,0.6661110042881406,-1.1838489778398105,-0.001621955004578647,0.08707719788907398,-0.8104954138421119,-1.5738478372351694,-1.1010019828395898,-2.4004121835503422
217,0.7063107423559407,2.1172331515608844,-0.9873304526842892,0.01734838526866746,0.09574200081428427,-0.7934512128965662,-1.5387980552274096,-1.0469291311500626,-2.3716021295470306
218,-0.4153715899279547,-0.3013037605603558,-0.9873304526842892,0.03728341889262718,0.10397052623550362,-0.7754147145346931,-1.5033438286852183,-0.9951374036485021,-2.3443513289882145
219,0.7063107423559407,0.1824036218638924,-0.9873304526842892,0.05817462040958371,0.11174577558157356,-0.7563533618926639,-1.4674727373093754,-0.9418625849271584,-2.315073718859168
220,-0.2551312567445412,-1.2687185254088515,-1.1838489778398105,0.08000665306362437,0.11905397629125736,-0.7362409237951713,-1.4312147537673223,-0.8913160797009886,-2.2873413305873522
221,-1.0563329226616094,0.1824036218638924,-1.1838489778398105,0.10275702088858613,0.12588451396641848,-0.7150579305711162,-1.39453829514491,-0.8388264640869667,-2.2576237980422835
222,0.7063107423559407,1.6335257691366363,-0.987330452684289,0.12639578394337983,0.13222982547039527,-0.692792021948442,-1.3574985287677825,-0.789522815195043,-2.229427530466811
223,-0.7358522562947821,1.6335257691366363,-0.987330452684289,0.1508853442229707,0.13808525539208347,-0.669438204942952,-1.3200433615465,-0.7377977403182415,-2.1993126307486444
224,-0.4153715899279547,-0.3013037605603558,-0.7908119275287678,0.1761803090887453,0.14344887775772244,-0.6449990208351805,-1.2822536161362588,-0.689721304516135,-2.1706833469393803
225,-0.2551312567445412,0.1824036218638924,-0.987330452684289,0.2022274379453362,0.14832128544517031,-0.6194846215618276,-1.2440555041751584,-0.6387310041823002,-2.1402255838546473
226,0.22558974280569974,-0.3013037605603558,-0.987330452684289,0.2289656765448622,0.1527053515881863,-0.5929127569912044,-1.2055557908701249,-0.5918516752517177,-2.1112044725883097
227,-1.0563329226616094,1.1498183867123881,-0.7908119275287678,0.2563262817807331,0.15660596925729253,-0.5653086755686635,-1.1666579734417393,-0.5415563224902308,-2.080467523587831
228,0.06534940962228623,0.6661110042881406,-0.7908119275287678,0.2842330381830951,0.16002977685569109,-0.5367049417879167,-1.1274948785239527,-0.49582894010010564,-2.0511035124509105
229,0.5460704091725269,-0.3013037605603558,-0.7908119275287678,0.3126025656214662,0.16298487707537576,-0.5071411749444953,-1.0879464415012483,-0.446178534797169,-2.0201577424174832
230,-0.8960925894781958,-1.2687185254088515,-0.5942934023732466,0.34134471597241284,0.1654805576430507,-0.47666371464039403,-1.048171508118282,-0.4015433492841002,-1.9905052184246377
231,-1.0563329226616094,1.1498183867123881,-0.39777487721772525,0.3703630547677551,0.1675270226364608,-0.4453252194590893,-1.0080257825780738,-0.3524788179544981,-1.9594255235281897
232,-0.7358522562947821,-0.7850111429846034,-0.39777487721772525,0.3995554220998515,0.1691351433032211,-0.41318420605059364,-0.9676939328745097,-0.30886330089731157,-1.929542387747993
233,1.3472720750895952,-1.2687185254088515,-0.2012563520622038,0.42881456500035636,0.17031623662704728,-0.38030453648710955,-0.9270069453015628,-0.26031903549909213,-1.8984063827306192
234,4.552078738757868,-0.3013037605603558,-0.39777487721772525,0.45802883089827845,0.17108187855574802,-0.34675486209568873,-0.8861749645611563,-0.21764115225323702,-1.8683524452836673
235,-0.7358522562947821,-0.3013037605603558,-0.2012563520622038,0.48708290940661075,0.17144375707346513,-0.3126080320291169,-0.8450039658268409,-0.16954894039411633,-1.8372389915843328
236,-0.09489092356112748,0.6661110042881406,-0.004737826906682482,0.5158586091988367,0.17141356808784736,-0.2779404746761132,-0.8037291034857439,-0.12772164215703008,-1.8070746975045209
237,2.4689544073734906,-0.3013037605603558,-0.004737826906682482,0.5442356587321155,0.1710029545795929,-0.2428315597344267,-0.7621312875905346,-0.08001556882046855,-1.776062751751568
238,0.5460704091725268,-0.3013037605603558,-0.2012563520622038,0.5720925226768621,0.17022348726974704,-0.20736294839958141,-0.7204701511767092,-0.038951936601318723,-1.745848207897405
239,-0.09489092356112748,-0.7850111429846034,-0.004737826906682482,0.599307228384263,0.1690866836148129,-0.17161793862199,-0.678501772515885,0.008426390086133316,-1.7150159498428135
240,0.22558974280569974,-0.7850111429846034,-0.004737826906682482,0.625758198270728,0.1676040609219243,-0.13568081177401847,-0.6365096936750322,0.04880800735199235,-1.6848102046177746
241,0.8665510755393542,2.1172331515608844,-0.004737826906682482,0.6513250850675024,0.16578721812616748,-0.0996361864483098,-0.5942256796687154,0.0959045071580346,-1.6542343882266848
242,-0.7358522562947821,-0.7850111429846034,-0.004737826906682482,0.6758896073636652,0.1636479390705217,-0.06356838455649072,-0.5519565516372908,0.13567591883604815,-1.6240949025214921
243,-0.8960925894781957,0.1824036218638924,-0.004737826906682482,0.6993363824540186,0.1611983085113986,-0.027560814408849832,-0.5094105281662241,0.18251992897601507,-1.593850362244559
244,2.7894350737403184,3.0846479164093807,0.19178069824883887,0.7215537522656384,0.15845083126194212,0.008304624987633857,-0.46691697322676845,0.22173970962028797,-1.5638326007642707
245,1.1870317419061815,-0.3013037605603558,-0.004737826906682482,0.7424345963356772,0.15541854508933392,0.04394811456489377,-0.4241615230464314,0.26834133473542626,-1.5339918399114638
246,-1.0563329226616094,-0.3013037605603558,-0.004737826906682482,0.7618771239917858,0.15211511907557473,0.07929245725041689,-0.3814951935822589,0.30705314922863036,-1.5041489112868767
247,3.9111174060242138,1.1498183867123881,-0.004737826906682482,0.7797856369142958,0.14855493101445055,0.11426358821945698,-0.3385821622675328,0.3534023988329226,-1.4747817023152554
248,-0.09489092356112727,1.6335257691366363,0.19178069824883892,0.7960712534900121,0.14475311959084944,0.14879105031868642,-0.29579403009730476,0.39163511013808755,-1.4451639815918724
249,-0.2551312567445412,-0.7850111429846034,0.3882992234043602,0.8106525873367231,0.1407256089187388,0.18280843169919786,-0.25277479534547337,0.4377026175551441,-1.416336915296423
250,1.1870317419061815,0.1824036218638924,0.3882992234043602,0.8234563735505686,0.13648910448186066,0.21625376265584562,-0.20991540841200995,0.47547177145481945,-1.3869915917898457
251,2.7894350737403184,0.6661110042881406,0.3882992234043602,0.8344180372123113,0.1320610609814447,0.24906986867929146,-0.16684113654776764,0.5212105849924409,-1.3587675259533454
252,-0.2551312567445412,-0.7850111429846034,0.3882992234043602,0.8434821991594124,0.12745962386181614,0.28120467693758605,-0.12396088269625839,0.558520744530897,-1.3297380386908613
253,0.5460704091725269,-0.7850111429846034,0.19178069824883892,0.8506031142578756,0.12270354689095622,0.3126114738310312,-0.08088280292087613,0.6038687002607459,-1.3021754218416013
254,1.026791408722768,1.6335257691366363,0.3882992234043602,0.855745037985919,0.11781208805280463,0.3432491117819003,-0.038032190317785756,0.6407162113577615,-1.273500771615047
255,0.5460704091725268,0.6661110042881406,0.5848177485598816,0.8588825179111707,0.11280488538913289,0.3730821638687408,0.004998122537555916,0.6855986099096393,-1.2466528409090025
256,0.3858300759891137,1.6335257691366363,0.5848177485598816,0.8600006069117884,0.10770181375258914,0.40208102521985517,0.0477681889303439,0.7219747272440724,-1.2183667840397212
257,1.5075124082730087,-0.3013037605603558,0.7813362737154029,0.8590949946160399,0.10252282348767686,0.43022196031797444,0.09069855413765049,0.7663074808054143,-1.1922806474218506
258,2.308714074190077,0.1824036218638924,0.7813362737154029,0.8561720529462157,0.09728776339113435,0.4574870957090338,0.13333654898348635,0.8022021990915454,-1.1644107879970518
259,2.1484737410066637,-0.3013037605603558,0.7813362737154029,0.8512487913517571,0.09201619248370699,0.48386435818540796,0.176114014151469,0.8458958057379407,-1.1391264198733577
260,1.026791408722768,-1.2687185254088515,0.5848177485598816,0.8443527178611678,0.0867271870499577,0.5093473593444587,0.21856770803216255,0.8813025721285428,-1.1116932443904286
261,1.3472720750895955,-1.2687185254088515,0.5848177485598816,0.8355216039068042,0.0814391501968747,0.5339352284175378,0.2611385580190965,0.9242667476592885,-1.0872424559980836
262,1.8279930746398365,1.1498183867123881,0.5848177485598816,0.82480315372922,0.07616963055193102,0.5576323962629495,0.3033551204767693,0.9591875574042512,-1.0602583821647917
263,-0.09489092356112769,-0.7850111429846034,0.5848177485598816,0.8122545821947157,0.07093515485407051,0.5804483342482543,0.3456650548866345,1.0013358569626898,-1.0366638453744672
264,1.3472720750895955,-0.3013037605603558,0.5848177485598816,0.7979421073755244,0.06575107674811946,0.6023972523208639,0.3875912828059777,1.0357861507137858,-1.0101323603148953
265,-0.8960925894781957,0.6661110042881406,0.5848177485598816,0.7819403660299782,0.060631441949293235,0.6234977609032735,0.42958566274334437,1.077040316684127,-0.9874067563604675
266,0.3858300759891137,-0.3013037605603558,0.5848177485598816,0.7643317610583618,0.055588868520496784,0.6437725014268987,0.4711682258815051,1.111053857861742,-0.9613217067369155
267,3.4303964064739736,2.600940533985132,0.5848177485598816,0.7452057499350345,0.05063444016730567,0.6632477503937004,0.5127923014963853,1.151348495861965,-0.9394670608198787
268,-1.0563329226616096,1.1498183867123881,0.5848177485598816,0.7246580822407607,0.04577761020368826,0.6819530018496265,0.553977957442987,1.1849831591515103,-0.9138121520920325
269,1.5075124082730091,-0.7850111429846034,0.7813362737154029,0.7027899935678529,0.041026114622956605,0.6999205330767998,0.5951770804270038,1.2242718111657611,-0.892819416320258
270,1.026791408722768,-0.3013037605603558,0.7813362737154029,0.679707363033594,0.036385894803362046,0.7171849581842293,0.6359129128342124,1.2576173910941195,-0.8675679834742561
271,1.026791408722768,0.6661110042881406,0.7813362737154029,0.6555198423357298,0.0318610331446961,0.7337827741566945,0.6766328187344162,1.2958808553311314,-0.8474169379554874
272,1.8279930746398365,-1.2687185254088515,0.7813362737154029,0.6303399651473555,0.027453707068485076,0.7497519038870604,0.7168665853787328,1.3290693464616423,-0.8225320572335789
273,-0.8960925894781957,0.6661110042881406,0.7813362737154029,0.604282246564641,0.023164167564789524,0.7651312408091904,0.7570538077539462,1.3663259110709938,-0.8031916056129457
274,0.22558974280569974,-0.7850111429846034,0.7813362737154029,0.5774622834796795,0.018990748146762142,0.7799601999313385,0.7967344231964681,1.3995432256765774,-0.7786266201919962
275,0.5460704091725271,-0.7850111429846034,0.5848177485598816,0.5499958678552973,0.01492990930072034,0.7942782802670778,0.8363368248070102,1.4358590277977061,-0.7600555521548741
276,0.06534940962228623,-0.7850111429846034,0.5848177485598816,0.5219981252376794,0.010976322527907114,0.8081246438014098,0.8754149249066188,1.469355994392923,-0.735755069898008
277,-0.8960925894781958,-1.2687185254088515,0.5848177485598816,0.49358269018709455,0.007122996743715786,0.8215377161425262,0.914382260972371,1.504853054714029,-0.7179033319844746
278,-0.4153715899279549,0.6661110042881406,0.5848177485598816,0.46486092898913345,0.003361447916809788,0.8345548138180044,0.9528107470597864,1.538953175094356,-0.6938047071823245
279,0.38583007598911345,0.1824036218638924,0.5848177485598816,0.43594121832082944,-0.00031808959275531415,0.8472118027418354,0.9910951627072792,1.5738126175582945,-0.676615161019129
280,-0.2551312567445412,1.1498183867123881,0.5848177485598816,0.40692828640562356,-0.003926413986698518,0.8595427917452664,1.028829650799578,1.6089142470525943,-0.652650401896968
281,2.308714074190078,-0.7850111429846034,0.5848177485598816,0.3779226207060533,-0.0074750749108914855,0.8715798643075,1.0663860722671814,1.6433729587296722,-0.6360609733648166
282,-0.4153715899279547,1.1498183867123881,0.5848177485598816,0.3490199440226606,-0.010976066250134753,0.8833528507975045,1.1033852465845042,1.6799447154816818,-0.6121589473876642
283,0.06534940962228623,-0.7850111429846034,0.5848177485598816,0.32031075971615414,-0.014441498122180381,0.8948891426658323,1.1401717058883605,1.7142853560973057,-0.5961050081803271
284,-0.7358522562947821,-0.3013037605603558,0.5848177485598816,0.29187996676493644,-0.017883252348163233,0.9062135491092789,1.176397646641215,1.7528551229633034,-0.5721937699911108
285,-1.0563329226616094,-1.2687185254088515,0.7813362737154029,0.2638065457859807,-0.021312624968241618,0.9173481957752152,1.2123756134988009,1.7873907671890292,-0.5566105581831287
286,0.5460704091725271,-1.2687185254088515,0.7813362737154029,0.23616331691027756,-0.024739959345079787,0.9283124640964184,1.2477941425859944,1.828529377632805,-0.5326196053140854
287,-0.4153715899279548,-0.7850111429846034,0.7813362737154029,0.20901676897856136,-0.028174274374545505,0.9391229689063371,1.2829288551563844,1.8635845001705151,-0.5174444854101435
288,0.38583007598911323,2.1172331515608844,0.9778547988709244,0.18242695729278735,-0.03162289442295248,0.9497935711583897,1.3175098469501811,1.9078852651439384,-0.493306756792356
289,0.38583007598911323,-0.7850111429846034,0.9778547988709244,0.1564474649744736,-0.03509109035251288,0.9603354219187924,1.351770579239791,1.9437750564205736,-0.47848114678413184
290,1.3472720750895955,2.600940533985132,1.1743733240264456,0.13112542148046927,-0.03858174325264908,0.9707570333401342,1.385488207887618,1.9918306700617088,-0.4541346226663361
291,0.38583007598911323,-0.7850111429846034,1.1743733240264456,0.10650157123834558,-0.04209504316907902,0.981064372072022,1.4188485054138418,2.0288416053236094,-0.43960547559091406
292,-0.7358522562947821,1.1498183867123881,1.1743733240264456,0.08261038572309261,-0.045628233988010185,0.9912609705640943,1.4516815202777962,2.0812209750129296,-0.4149943071966451
293,0.06534940962228623,1.1498183867123881,1.1743733240264456,0.059480213427215975,-0.049175413350506056,1.0013480519850135,1.4841195324482737,2.1195965989867247,-0.40071511288396316
294,-0.09489092356112769,-0.3013037605603558,1.1743733240264456,0.0371334634602693,-0.05272739386356948,1.0113246649784136,1.5160516929979415,2.1768243420488713,-0.37579028780820906
295,1.1870317419061815,1.1498183867123881,1.1743733240264456,0.015586819216519665,-0.05627162934706298,1.0211878251113666,1.5475507024420614,2.2167595475812334,-0.3617216367451164
296,-0.8960925894781957,1.1498183867123881,1.1743733240264456,-0.005148521437942881,-0.059792207435915866,1.0309326605481675,1.5785714218878866,2.279299040969769,-0.33644125069276787
297,0.5460704091725271,-1.2687185254088515,1.1743733240264456,-0.0250665831099662,-0.06326990749835948,1.040552560145519,1.6091205699989821,2.320943797666802,-0.32255105399442896
298,-0.2551312567445412,-0.7850111429846034,1.1743733240264456,-0.044166330358827624,-0.06668232057993341,1.0500393227959437,1.6392257376724098,2.3891820457939126,-0.29688029233894936
299,-0.8960925894781957,0.1824036218638924,1.1743733240264456,-0.0624513686515607,-0.07000402624030916,1.0593833074421488,1.6688209074832205,2.4326532685588433,-0.2831437693483188
300,-0.09489092356112748,-0.3013037605603558,1.1743733240264456,-0.07992963146570002,-0.07320682029006742,1.068573583746542,1.6980138499540849,2.5068838990649307,-0.2570547043375344
301,1.0267914087227676,-1.2687185254088515,0.9778547988709244,-0.09661305636229364,-0.07625998781808382,1.0775980839248855,1.7266586568015556,2.552282531375998,-0.24345424229773616
302,-0.2551312567445412,-0.3013037605603558,0.9778547988709244,-0.11251725334067413,-0.07913061706651824,1.0864437567226501,1.754951173313539,2.6326823264208024,-0.21692553623993585
303,-1.0563329226616096,0.1824036218638924,0.9778547988709244,-0.1276611692038211,-0.08178395110554348,1.09509672487324,1.7826579882779259,2.680111791235934,-0.20345050505092535
304,1.3472720750895955,0.6661110042881406,0.9778547988709244,-0.1420667516027022,-0.0841837757574191,1.1035424475534723,1.8100713937942838,2.766706941921123,-0.17646708172425135
305,-0.896092589478196,0.6661110042881406,0.7813362737154029,-0.15575861598768415,-0.0862928436328399,1.111765889303387,1.836862355495691,2.8162891513051287,-0.16311365194943928
306,-0.8960925894781957,1.1498183867123881,0.7813362737154029,-0.1687637182803894,-0.08807333486453658,1.119751696624284,1.8634285146215919,2.9089103458225,-0.13566635708287222
307,2.4689544073734906,3.0846479164093807,0.7813362737154029,-0.18111103582567165,-0.08948735458025892,1.1274843830332053,1.889336527623937,2.960796080028496,-0.1224373229828368
308,-0.8960925894781958,-0.7850111429846034,0.7813362737154029,-0.19283125894504732,-0.09049746515674088,1.1349485227129432,1.915098884237186,3.0590264050037024,-0.09452254715860091
309,0.5460704091725271,-0.785011142984604,0.9778547988709244,-0.20395649492253784,-0.09106724793924724,1.142128952038552,1.9401686097703412,3.1133977701319258,-0.0814271110815732
310,0.22558974280569974,-0.7850111429846034,1.1743733240264456,-0.21451998517312762,-0.09116188502681341,1.1490109772475354,1.9651832291521814,-3.066661631248152,-0.053046308115147836
311,-0.5756119231113686,0.6661110042881406,1.1743733240264456,-0.22455583467082468,-0.09074874830183144,1.1555805855015038,1.9894720933958303,-3.009597966836354,-0.04009975026149316
312,-1.0563329226616094,-0.785011142984604,1.1743733240264456,-0.234098750967571,-0.08979798136791255,1.1618246557476115,2.0138087415146773,-2.902616688912961,-0.01125876272566268
313,-1.0563329226616094,-0.7850111429846034,1.1743733240264456,-0.24318378889778874,-0.088283060333301,1.1677311652624558,2.037387943524176,-2.842645977278673,0.0015180837893886729
314,-0.5756119231113684,-1.2687185254088515,1.1743733240264456,-0.2518460967120675,-0.08618132037156445,1.1732893875531185,2.061131105746683,-2.7331693138920197,0.030809967026149094
315,-0.2551312567445412,-0.3013037605603558,1.370891849181967,-0.2601206601006923,-0.08347443614759704,1.178490077289495,2.084086404677805,-2.670094180026878,0.0433914824956059
316,-0.8960925894781957,0.1824036218638924,1.5674103743374883,-0.2680420421338689,-0.08014884576415159,1.1833256380416,2.1073359067793356,-2.55974451368039,0.07312277073276935
317,-0.8960925894781958,-0.7850111429846034,1.5674103743374883,-0.2756441189515652,-0.07619610997768994,1.1877902687963524,2.1297677532374966,-2.493415774894485,0.08547955588554919
318,0.38583007598911323,0.1824036218638924,1.370891849181967,-0.28295981260765296,-0.07161320056012284,1.1918800856374765,2.1526385225448763,-2.3839681384771607,0.11563809902438889
319,-1.0563329226616096,-0.3013037605603558,1.370891849181967,-0.29002082377204425,-0.06640271329945033,1.195593215683108,2.1746610959114125,-2.3143141875171094,0.12773818442848808
320,1.026791408722768,0.1824036218638924,1.370891849181967,-0.29685736809282837,-0.06057300217279081,1.1989298613355241,2.197281718287318,-2.207549558720038,0.1583129815936202
321,-0.7358522562947821,-0.7850111429846034,1.370891849181967,-0.3034979207709135,-0.05413823191908336,1.2018923339174359,2.219020634295138,-2.1345962511194574,0.17012316713923525
322,-0.8960925894781957,-0.7850111429846034,1.370891849181967,-0.30996897409761387,-0.047118346768402875,1.204485056682597,2.2415306165106275,-2.0321484722245184,0.20110638803022024
323,-0.7358522562947821,-0.7850111429846034,1.370891849181967,-0.3162948124337674,-0.039538953659587144,1.2067145379611397,2.2631193435442287,-1.9560233875839896,0.21259361747449412
324,-0.7358522562947821,-1.2687185254088515,1.1743733240264456,-0.3224973088349728,-0.031431119260570066,1.2085893158849264,2.2856652669430435,-1.8592546733883466,0.24398278663749462
325,1.1870317419061815,0.6661110042881406,1.1743733240264456,-0.32859574777426387,-0.02283108179243866,1.2101198767691783,2.307240532390459,-1.7801743351985173,0.2551154663901956
326,0.7063107423559407,-0.3013037605603558,1.1743733240264456,-0.33460667916168785,-0.01377988095732607,1.2113185497697343,2.329971480080066,-1.6901047777584453,0.28691579231358433
327,0.5460704091725271,0.1824036218638924,1.1743733240264456,-0.3405438093381594,-0.004322911649461067,1.2121993808185207,2.3516680963701777,-1.608348609088865,0.2976649813875481
328,-0.5756119231113684,-1.2687185254088515,0.9778547988709244,-0.34641793401305976,0.005490591051312537,1.2127779890237185,2.3747308943729717,-1.5256469046196557,0.3298918589554295
329,-0.2551312567445412,-0.3013037605603558,1.1743733240264456,-0.3522369160602037,0.015608127028743427,1.2130714087286163,2.3966766274702977,-1.4415247965852636,0.3402322788813308
330,-0.8960925894781958,-1.2687185254088515,1.1743733240264456,-0.358005708503978,0.025974557020495757,1.2130979202961016,2.420211680850569,-1.366550148301298,0.3729140592612442
331,0.5460704091725271,0.1824036218638924,1.1743733240264456,-0.36372642099887476,0.03653276856713866,1.212876872457858,2.442522965086417,-1.2803702356472944,0.38282489886132376
332,-0.8960925894781958,2.1172331515608844,0.9778547988709244,-0.3693984270983965,0.047224369387511844,1.2124284987939289,2.466661530042176,-1.2132459968557,0.41600611016734107
333,-0.7358522562947821,0.1824036218638924,0.9778547988709244,-0.37501850932268693,0.057990393482618224,1.2117737306500753,2.4894406801334794,-1.1252865606648834,0.42547162118183235
334,-1.216573255845023,0.6661110042881406,1.1743733240264456,-0.3805810389883018,0.06877200412328374,1.210934008544684,2.5143041571916833,-1.065986307476717,0.45921694239113475
335,1.026791408722768,2.1172331515608844,1.1743733240264456,-0.38607818787659337,0.07951117838925019,1.2099310937860284,2.537638394921282,-0.9764729062031947,0.4682268306660983
336,0.22558974280569974,0.6661110042881406,1.1743733240264456,-0.391500169242089,0.0901513599383664,1.2087868815962877,2.5633400157995623,-0.9249062742315431,0.5026262979490536
337,-0.4153715899279549,-0.3013037605603558,1.1743733240264456,-0.3968355061381093,0.10063806951259943,1.2075232166192666,2.587302448614885,-0.8339931573600873,0.5111759146070477
338,0.5460704091725269,-0.3013037605603558,1.370891849181967,-0.40207132487357633,0.11091946579832543,1.2061617113888865,2.613951773663964,-0.7900872164670296,0.5463521362461091
339,-0.7358522562947821,-1.2687185254088515,1.370891849181967,-0.407193670291934,0.1209468520842163,1.2047235681910502,2.6386045083924943,-0.6978403336538351,0.5544424663682398
340,-0.5756119231113687,3.0846479164093807,1.3490564574980204,-0.41218783791205027,0.13067512587316435,1.2032294047599397,2.666315529639563,-0.6616199537700092,0.5905611483615134
341,-0.7358522562947821,0.1824036218638924,1.3217622178930866,-0.41703871646041607,0.14006316887834802,1.2016990844335167,2.6917153692344122,-0.5679970996876264,0.5981985697864607
342,-0.7358522562947821,-0.3013037605603558,1.3217622178930866,-0.42173113337684326,0.14907417453671545,1.2001515517626538,2.720619738325902,-0.5396754893981834,0.6354846422426674
343,-1.0563329226616096,0.1824036218638924,1.3217622178930866,-0.4262501956541246,0.15767591058909292,1.1986046750675063,2.7468272423515097,-0.4444969992237155,0.6426803807280206
344,-0.7358522562947821,1.6335257691366363,1.1252436927375653,-0.43058161883416024,0.16584091563293937,1.1970750979701867,2.7770953709809314,-0.4245992891737393,0.6814440181290186
345,-0.5756119231113684,0.1824036218638924,0.9287251675820438,-0.43471203794353513,0.17354663000442686,1.1955781024276166,2.8041885916792646,-0.32749920913124897,0.6882131597654515
346,-0.8960925894781958,0.1824036218638924,0.9287251675820438,-0.43862929539638384,0.18077546240478412,1.1941274861641353,2.8360641036196443,-0.3170661738887884,0.7288943631218594
347,0.06534940962228623,0.6661110042881406,0.9287251675820438,-0.4423227022053887,0.18751479472046845,1.1927354575436573,2.8641596713273163,-0.21740553871493218,0.7352541939171963
348,-1.0563329226616094,-0.7850111429846034,1.1743733240264456,-0.44578327000232065,0.1937569287330183,1.1914125507249116,2.898019511610391,-0.21838429981362048,0.7785050225695722
349,0.38583007598911345,0.1824036218638924,1.1743733240264456,-0.44900391221905234,0.19949897948661421,1.1901675634371394,2.9273071941401456,-0.11508717594676167,0.7844723008737573
350,0.06534940962228603,1.6335257691366363,1.1743733240264456,-0.45197961324840186,0.2047427205536529,1.1890075190795926,2.963778155579054,-0.1311881725495529,0.8313236341514563
351,-1.216573255845023,-0.7850111429846034,0.9778547988709242,-0.45470756444802807,0.20949438633944864,1.1879376543085682,2.9945839851888874,-0.02240457737089888,0.8369099873472857
352,-0.2551312567445412,-0.3013037605603558,0.9778547988709242,-0.45718726546186644,0.2137644363257085,1.1869614329320604,3.0348043414283414,-0.06129497905271698,0.8891563959063592
353,-0.7358522562947821,-0.7850111429846034,0.9778547988709242,-0.4594205887122364,0.21756728610438492,1.1860805867040747,3.067724221203922,0.05638052009977778,0.8943597492860834
354,1.1870317419061815,-0.7850111429846034,0.9778547988709242,-0.46141180445646945,0.22092100989340444,1.1852951833297267,3.1140707756902737,-0.02390418783236181,0.9556358919726322
355,-1.216573255845023,-0.3013037605603558,0.9778547988709242,-0.4631675636361021,0.22384701824735678,1.1846037215522653,-3.1328669705245304,0.10978179733942567,0.9604211143736564
356,-1.216573255845023,-0.7850111429846034,0.9778547988709242,-0.46469683550793894,0.22636971260068325,1.1840032526080795,-3.073874291123597,-0.07328319080686338,1.0403752337066074
357,-1.216573255845023,1.1498183867123881,0.9778547988709242,-0.46601079647439403,0.2285161154972394,1.1834895266777887,-3.031186106465759,0.09485041215699419,1.0446130405799066
358,-1.216573255845023,1.1498183867123881,0.9778547988709242,-0.4671226660975882,0.23031547253111975,1.1830571622846355,-2.919986706261274,-0.5829727903880288,1.1932872091070763
