trial_index,relative_spike_time
0,-0.028700000000000614
0,0.16929999999999978
0,1.188750000000006
2,0.14529999999999887
2,0.8408000000000015
3,0.3981500000000011
3,0.8419000000000025
4,-0.2972999999999928
4,-0.09634999999999394
4,0.38845000000000596
4,1.0376500000000064
4,1.4883000000000024
5,-0.09129999999998972
5,0.3391500000000036
5,0.7037500000000136
6,-0.29470000000000596
6,-0.0791499999999985
6,0.039249999999995566
6,1.256299999999996
6,1.4446999999999974
7,0.0945999999999998
7,1.2438000000000073
7,1.2937000000000012
8,-0.3884999999999934
8,0.17445000000000732
9,-0.42404999999999404
9,0.7241999999999962
9,1.096500000000006
10,-0.41399999999998727
10,0.41285000000000593
10,0.6853000000000122
10,0.8065500000000014
11,-0.14579999999999416
11,-0.12609999999999388
11,-0.0803499999999957
11,0.058400000000006
11,0.7676000000000016
11,1.2693000000000012
12,-0.3246499999999912
12,-0.04219999999999402
13,0.16645000000001176
13,0.2804000000000002
14,-0.3158999999999992
14,-0.14965000000000828
14,0.9777500000000146
14,1.2455500000000086
14,1.3672500000000127
15,-0.31725000000000136
15,0.09815000000000396
15,0.976949999999988
15,1.1683999999999912
15,1.3697500000000105
15,1.407350000000008
16,-0.06974999999999909
16,0.2087500000000091
17,-0.16984999999999673
17,1.2114500000000135
18,1.2975999999999885
18,1.4830499999999915
19,-0.4590000000000032
19,-0.42859999999998877
19,-0.2073000000000036
19,0.15330000000000155
19,0.2963499999999897
19,0.3850999999999942
20,-0.45494999999999663
20,-0.0027000000000043656
20,0.5114499999999964
21,-0.22384999999997035
21,-0.20904999999999063
21,-0.10629999999997608
21,0.009300000000024511
21,0.8529500000000212
21,1.0285000000000082
21,1.304900000000032
22,-0.2855999999999881
22,0.17300000000000182
22,0.2860499999999888
22,1.4179499999999905
23,0.09370000000001255
23,0.17770000000001573
23,0.40399999999999636
23,1.025650000000013
24,-0.2746999999999957
24,0.44530000000000314
24,1.4538499999999885
25,-0.44939999999999714
25,-0.440400000000011
25,0.07400000000001228
25,0.09489999999999554
25,0.6081499999999949
25,0.921449999999993
26,-0.41834999999997535
26,0.20300000000000296
26,0.29475000000002183
26,0.3411000000000115
26,0.48960000000002424
26,0.7235000000000014
26,1.006450000000001
26,1.1623500000000035
26,1.278550000000024
27,-0.3369000000000142
27,0.057649999999995316
28,0.08685000000002674
28,0.1766500000000235
29,-0.49679999999997904
29,-0.1891999999999996
29,0.5707500000000039
30,-0.2182499999999834
30,0.26345000000000596
30,0.45085000000000264
30,0.7202000000000055
30,0.8933499999999981
30,1.0170999999999992
31,-0.03915000000000646
31,0.4017499999999927
31,0.6065000000000111
31,1.0769500000000107
31,1.3556499999999971
32,-0.49559999999999604
32,-0.3506500000000017
32,-0.17369999999999663
32,0.3061000000000149
32,0.393100000000004
32,0.5287500000000023
32,0.8752000000000066
33,-0.174699999999973
33,0.3972000000000264
33,0.993300000000005
33,1.2577500000000157
33,1.29585000000003
33,1.4211500000000115
34,-0.30299999999999727
34,0.8169000000000324
34,1.254700000000014
35,0.16345000000001164
36,-0.44634999999999536
36,-0.258549999999957
36,1.0056500000000028
36,1.179550000000006
38,-0.3599999999999568
38,-0.07469999999995025
38,0.1964500000000271
38,0.28350000000000364
39,0.17874999999997954
39,0.30434999999999945
39,0.4945500000000038
39,0.5638500000000022
40,-0.45259999999996126
40,0.24135000000001128
41,-0.2569000000000301
41,-0.09654999999997926
41,-0.047000000000025466
41,0.0907500000000141
41,0.7461000000000126
41,1.3833000000000197
42,-0.26585000000000036
42,-0.0413499999999658
42,0.07065000000000055
42,0.6071000000000026
42,0.7490999999999985
42,1.0148000000000366
42,1.3579500000000166
43,-0.08334999999999582
43,0.035349999999994
43,0.2507999999999697
43,0.38779999999997017
43,0.47724999999996953
43,0.9322500000000105
44,-0.09219999999999118
44,-0.014650000000017371
44,0.07120000000003301
44,0.20650000000000546
44,0.5132500000000277
44,0.6279999999999859
44,0.9281500000000165
44,0.980700000000013
45,-0.4934999999999832
45,-0.2663000000000011
45,-0.24784999999997126
45,-0.03799999999995407
45,0.7764500000000112
45,1.4342000000000326
46,-0.45274999999998045
46,-0.08494999999999209
46,-0.003249999999979991
46,0.3428000000000111
46,1.1313000000000102
47,-0.17149999999998045
47,-0.03104999999999336
47,0.2633000000000152
47,0.424000000000035
47,0.9157500000000596
47,1.048750000000041
47,1.2725000000000364
47,1.4045000000000414
48,-0.30974999999995134
48,-0.1429499999999848
48,0.30905000000001337
48,0.7639000000000351
49,-0.20255000000003065
49,0.32220000000000937
49,1.3575999999999908
50,0.26380000000000337
50,0.9468499999999835
50,1.1113000000000284
50,1.3100999999999772
51,0.662050000000022
51,1.2255000000000678
52,0.006950000000017553
52,0.18700000000001182
52,0.786200000000008
52,1.4777500000000146
53,-0.1623000000000161
53,0.5740999999999872
53,0.6677500000000123
53,0.8992999999999824
53,1.0950000000000273
53,1.32589999999999
54,-0.18354999999996835
54,0.0009499999999889042
54,0.20530000000002246
55,0.225750000000005
55,0.4417500000000132
55,0.5819500000000062
55,1.3600000000000136
56,0.1307000000000471
56,0.19195000000001983
56,0.6878000000000384
56,0.8641500000000519
57,-0.3217999999999961
57,0.0636000000000081
57,1.0690999999999917
58,0.1983500000000049
59,-0.23894999999998845
59,0.28725000000002865
59,0.4460000000000264
59,0.6594500000000494
59,0.8438500000000317
59,0.9649500000000444
59,1.1817000000000348
60,0.43420000000003256
60,0.6369500000000698
60,1.0243500000000267
60,1.2824500000000398
61,-0.32560000000000855
61,0.996249999999975
61,1.314549999999997
61,1.3546499999999924
61,1.4556499999999915
62,-0.3383999999999787
62,0.15944999999999254
62,0.26410000000004175
62,0.3373500000000149
62,0.7383500000000254
62,0.8773500000000354
62,1.1643000000000256
63,-0.3967999999999847
63,-0.3793499999999881
63,-0.035649999999975535
63,0.24565000000001191
63,0.304800000000057
63,0.5718000000000529
64,-0.446899999999971
64,-0.3648499999999899
64,-0.022850000000005366
64,0.008500000000026375
64,0.5764500000000226
64,1.046350000000018
65,-0.270849999999939
65,-0.2299499999999739
65,-0.0765999999999849
65,0.11220000000002983
65,0.46545000000003256
66,-0.1261000000000081
66,0.28125
66,0.4641500000000178
66,1.324350000000038
67,-0.12669999999997117
67,0.10890000000000555
67,0.17290000000002692
67,0.28375000000005457
67,0.8226500000000101
67,1.0611000000000104
67,1.2413500000000113
68,-0.3048999999999751
69,0.259900000000016
69,0.27480000000002747
69,0.8140000000000214
70,0.487700000000018
70,0.7722500000000423
71,-0.06794999999993934
71,0.2714000000000283
72,-0.4966999999999757
72,1.020750000000021
73,0.11619999999999209
73,0.5932000000000244
73,0.94825000000003
73,1.3673499999999876
74,0.17770000000007258
74,0.3168000000000575
74,0.6427000000000476
74,1.0509500000000571
75,0.07594999999997754
75,0.6283999999999992
76,-0.3039499999999862
76,-0.18830000000002656
76,-0.014200000000016644
76,0.3887500000000159
76,1.0276999999999816
76,1.4286500000000046
77,0.12250000000000227
77,0.35470000000003665
77,1.3283500000000004
78,-0.21899999999993724
78,1.036100000000033
78,1.3437500000000568
79,-0.24324999999993224
79,-0.05619999999993297
79,0.010550000000023374
79,0.28110000000003765
79,0.6313500000000545
79,1.3474500000000376
80,0.184599999999989
80,0.3027500000000032
80,0.32650000000001
80,0.36804999999998245
80,0.40390000000002146
80,0.7443999999999846
80,0.8659999999999854
81,0.046649999999999636
81,0.2528000000000361
81,0.3125
81,0.4114500000000021
81,0.46989999999999554
82,-0.424699999999973
82,-0.01434999999997899
82,0.256650000000036
82,0.864750000000015
82,1.0600000000000023
82,1.0989000000000146
82,1.4592000000000098
83,-0.09620000000001028
83,0.4679500000000303
83,1.4535999999999945
84,-0.30554999999998245
84,0.04825000000005275
84,0.10165000000000646
84,0.3036000000000172
84,0.759050000000002
85,-0.4995000000000118
85,-0.18430000000000746
85,0.416499999999985
85,0.7338000000000306
86,-0.35009999999999764
86,0.11570000000000391
86,0.33859999999998536
86,0.6474499999999921
86,1.0319999999999823
87,0.22645000000005666
87,0.26315000000005284
87,0.29270000000002483
87,0.34215000000000373
87,0.36800000000005184
87,0.6011000000000308
87,0.9839000000000055
87,1.2632000000000403
88,-0.4005000000000223
88,-0.3804499999999962
88,-0.2873000000000161
88,-0.2601500000000101
88,0.8444000000000074
88,1.0763000000000034
88,1.4391499999999837
88,1.450649999999996
89,0.26990000000006376
89,0.3457500000000664
89,1.0977000000000317
90,-0.39734999999996035
90,0.13305000000002565
90,0.6975500000000352
90,0.7565500000000043
90,0.824950000000058
90,1.161200000000008
91,-0.36565000000001646
91,-0.24264999999996917
91,-0.091700000000003
91,0.007550000000037471
91,0.7488500000000613
91,1.3103499999999713
91,1.3494000000000597
92,0.08735000000001492
92,0.22964999999999236
92,0.39019999999993615
92,0.49519999999995434
92,0.679300000000012
92,0.752399999999966
92,0.8161499999999933
93,-0.00024999999993724487
93,0.14835000000005039
93,0.2947000000000344
93,0.5111000000000558
94,0.14724999999998545
94,0.9153999999999769
94,0.978650000000016
94,1.3806500000000597
95,-0.313350000000014
95,-0.11225000000001728
95,0.1896000000000413
95,0.5326499999999896
95,0.6824500000000171
95,0.7019500000000107
95,1.2275999999999385
95,1.420949999999948
96,-0.25480000000004566
96,-0.04065000000002783
96,0.15885000000002947
96,0.7228000000000065
96,0.9473500000000286
96,1.008199999999988
97,-0.20010000000002037
97,0.32434999999998126
98,-0.43459999999993215
98,0.06524999999999181
98,0.1674000000000433
98,0.3134499999999889
98,0.6918000000000575
98,0.75
98,1.1192000000000917
99,-0.3942500000000564
99,-0.3657500000000482
99,-0.055849999999963984
99,0.05330000000003565
99,0.15170000000000528
99,0.41705000000001746
99,0.4410000000000309
99,1.1944499999999607
99,1.2234999999999445
99,1.26075000000003
99,1.3673499999999876
100,-0.3608999999999014
100,-0.016649999999913234
100,0.056750000000079126
100,0.40505000000007385
100,0.7404500000000098
100,1.1348500000000286
100,1.3548000000000684
101,-0.39609999999993306
101,-0.1852999999999838
101,0.06720000000007076
101,0.2451499999999669
101,0.31844999999998436
101,0.618349999999964
101,0.7827499999999645
101,1.102200000000039
101,1.179200000000037
102,-0.19029999999997926
102,-0.004099999999993997
102,0.2623999999999569
102,0.5584999999999809
102,0.6715000000000373
102,0.6782500000000482
102,0.7188999999999623
102,0.9959999999999809
102,1.4285999999999603
103,-0.3557499999999436
103,0.058250000000043656
103,0.06495000000006712
103,0.16590000000007876
103,0.22520000000008622
103,0.31530000000009295
103,1.0435500000000957
104,-0.2817000000000007
104,0.3264000000000351
104,0.3352500000000873
104,1.0621500000000879
104,1.3138000000000147
104,1.4848000000000638
105,-0.42314999999996417
105,-0.3806999999999334
105,-0.23159999999995762
105,-0.17449999999996635
105,-0.03309999999999036
105,0.018950000000018008
105,0.17304999999998927
105,0.3673000000000002
105,0.4112999999999829
105,0.5108999999999924
105,0.6658999999999651
105,1.0497500000000173
105,1.0631500000000642
105,1.307549999999992
106,-0.4210999999999103
106,0.7235500000000457
106,0.7596500000000788
106,1.4092500000000427
107,-0.2740000000000009
107,-0.134050000000002
107,0.22860000000002856
107,0.6008000000000493
107,1.4314000000000533
108,-0.18764999999996235
108,0.08290000000010878
108,0.24820000000011078
108,0.27355000000011387
108,0.5276000000001204
108,0.963950000000068
108,0.9911500000000615
108,1.147450000000049
109,-0.2693499999999176
109,0.031000000000062755
109,0.5042000000000826
109,0.6365500000000566
109,0.7243000000000848
109,0.7602000000000544
109,0.8649000000000342
110,-0.094600000000014
110,0.10365000000001601
110,0.13085000000000946
110,0.28089999999997417
110,0.7338999999999487
110,1.1782499999999345
111,-0.4411999999999807
111,-0.4113999999999578
111,-0.3795499999999947
111,-0.3521499999999378
111,-0.14649999999994634
111,-0.003150000000005093
111,0.4329500000000053
111,0.5351000000000568
111,1.1345499999999902
111,1.4288999999999987
112,-0.1369999999999436
112,0.024400000000014188
112,0.1268000000001166
112,0.2183500000001004
112,0.4684500000000753
112,0.6329500000000507
112,1.4432500000000346
113,0.21289999999999054
113,0.3871000000000322
113,1.0693499999999858
114,-0.49699999999995725
114,0.28875000000005
114,0.310950000000048
114,0.4944500000000289
114,0.7276500000000397
114,0.7628499999999576
114,1.0910000000000082
115,-0.226099999999974
115,-0.09139999999990778
115,0.00215000000002874
115,0.14800000000002456
115,0.15935000000001764
115,0.3695500000000038
115,0.5085500000000138
115,1.2351000000001022
115,1.4028500000000577
115,1.428600000000074
116,0.4068499999999631
116,0.6361499999999296
116,0.8787999999999556
116,0.9331499999999551
116,1.0772499999999354
117,-0.46994999999992615
117,-0.44174999999995634
117,-0.1631999999999607
117,0.07150000000012824
117,0.3947000000000571
117,0.5498500000001059
117,0.6350000000001046
117,0.8281500000000506
117,1.2266000000000759
118,-0.19605000000001382
118,0.23670000000004165
118,0.5769500000000107
118,0.7648000000000366
118,0.8088999999999942
118,0.8894000000000233
118,1.0153500000000122
118,1.0372500000000855
118,1.1289000000000442
118,1.2032500000000255
118,1.3711000000000695
118,1.4021000000000186
118,1.4230499999999893
119,-0.4132999999999356
119,-0.34324999999989814
119,-0.2617499999998927
119,-0.060899999999946886
119,-0.03419999999994161
119,0.6492000000000644
119,0.7825500000001284
119,1.0550500000000511
119,1.15725000000009
119,1.2200500000001284
119,1.428700000000049
120,-0.43624999999985903
120,0.11000000000012733
120,0.16820000000006985
120,0.21275000000014188
120,0.4633000000001175
120,0.5860500000001139
120,0.7944000000001097
120,1.0634500000001026
120,1.1253000000000384
120,1.390850000000114
121,-0.40964999999994234
121,-0.21634999999992033
121,-0.11574999999993452
121,-0.06389999999998963
121,0.10775000000001
121,0.12035000000003038
121,0.13945000000001073
121,0.1713000000000875
121,0.3357500000000755
121,0.7635500000000093
121,1.4491500000000315
122,-0.3199499999999489
122,-0.16259999999988395
122,-0.044949999999971624
122,0.20270000000004984
122,0.3289500000000771
122,0.33655000000010205
122,0.4671500000000606
122,0.613800000000083
122,0.8643500000000586
122,0.897350000000074
122,1.0689500000000862
122,1.136850000000095
122,1.1419000000000779
122,1.2491000000001122
123,-0.19929999999999382
123,-0.13364999999998872
123,-0.1078499999999849
123,0.035399999999981446
123,0.2387499999999818
123,0.5441499999999451
123,0.7338999999999487
123,1.0426499999999805
123,1.1266000000000531
123,1.2139999999999418
123,1.4062000000000126
123,1.4476999999999407
123,1.4989500000000362
124,-0.47509999999988395
124,-0.36609999999996035
124,-0.27834999999993215
124,-0.2412499999999227
124,0.045200000000022555
124,0.10590000000013333
124,0.31845000000009804
124,0.4140500000000884
124,0.4519000000000233
124,0.533800000000042
124,0.7701000000000704
124,0.8481000000000449
124,0.9436500000000478
124,1.1483500000000504
124,1.2394500000000335
124,1.3194500000000744
125,-0.45754999999996926
125,0.008500000000026375
125,0.029850000000010368
125,0.1038499999999658
125,0.3055500000000393
125,0.37839999999994234
125,0.4507499999999709
125,0.553449999999998
125,0.7585000000000264
125,0.9091999999999416
125,0.9733999999999696
125,1.4049999999999727
126,0.11099999999999
126,0.4272000000000844
126,0.5032500000000937
126,0.7259500000000116
126,0.9272000000000844
126,0.9338999999999942
126,1.1400500000000875
126,1.2063000000000557
126,1.384999999999991
127,-0.4997999999999365
127,-0.4586499999999205
127,0.2632499999999709
127,0.284650000000056
127,0.35829999999998563
127,0.41695000000004256
127,0.7836500000000797
127,1.1358000000000175
127,1.1552500000000236
127,1.2237499999999955
127,1.3616000000000668
127,1.4523000000000366
128,-0.4696999999999889
128,-0.333150000000046
128,-0.15784999999993943
128,0.013350000000059481
128,0.19074999999998
128,0.2817999999999756
128,0.3021999999999707
128,0.6341999999999643
128,0.6694999999999709
128,0.7827499999999645
128,0.8170499999999947
128,0.967899999999986
128,1.1086500000000115
128,1.1421000000000276
128,1.236250000000041
128,1.3080499999999802
128,1.4804000000000315
129,0.6191499999999905
129,0.6736499999999523
129,0.8006500000000187
129,0.9598499999999603
129,1.0185999999999922
129,1.2150000000000318
129,1.3510499999999865
130,-0.4631500000000415
130,0.7486499999999978
130,0.9514000000000351
130,1.0694999999999482
130,1.4568500000000313
131,-0.20420000000001437
131,0.19640000000003965
131,0.3384000000000924
131,0.5341000000000804
131,0.5786500000000387
131,0.6339000000000397
131,0.751700000000028
131,1.0091500000000906
131,1.105600000000095
131,1.1416000000000395
131,1.2315500000000839
132,-0.4556999999999789
132,-0.30455000000006294
132,-0.11649999999997362
132,0.023099999999999454
132,0.08759999999995216
132,0.1975999999999658
132,0.2545999999999822
132,0.43659999999999854
132,0.5053500000000213
132,0.5911499999999705
132,0.5999000000000478
132,0.6847000000000207
132,0.7373999999999796
132,0.8689500000000407
132,0.9455000000000382
132,0.9832999999999856
132,1.3519000000000005
132,1.4503499999999576
133,-0.4373999999999114
133,-0.2776499999999942
133,-0.1623499999999467
133,0.05275000000006003
133,0.06295000000000073
133,0.11435000000005857
133,0.41165000000000873
133,0.7548500000000331
133,1.2496500000000879
133,1.3133000000000266
133,1.3491999999999962
133,1.389850000000024
133,1.4180000000000064
134,-0.408649999999966
134,-0.40069999999991524
134,-0.34734999999989213
134,-0.31514999999990323
134,-0.22919999999987795
134,-0.20764999999994416
134,0.4114000000000715
134,0.4504500000000462
134,0.5991500000001224
134,0.7260500000001002
134,1.082450000000108
134,1.1772000000000844
134,1.3718500000001086
134,1.402400000000057
134,1.451650000000086
135,-0.41555000000005293
135,-0.316599999999994
135,0.6377999999999702
135,0.8319999999999936
135,0.8653500000000349
135,1.229349999999954
136,-0.4317999999999529
136,-0.37144999999998163
136,-0.18614999999999782
136,-0.12855000000001837
136,-0.08465000000001055
136,0.0834500000000844
136,0.266550000000052
136,0.5135999999999967
136,0.5726000000000795
136,0.6440499999999929
136,0.7868000000000848
136,0.8227000000000544
136,0.9275499999999965
136,0.9752000000000862
136,0.9914499999999862
136,1.374400000000037
136,1.4358500000000731
137,-0.22424999999998363
137,-0.0533500000000231
137,0.055499999999938154
137,0.11144999999999072
137,0.5545999999999367
137,0.6647000000000389
137,0.8700000000000045
137,0.9006500000000415
137,1.1137499999999818
137,1.1655499999999392
137,1.2990499999999656
137,1.4209999999999354
138,-0.4747499999999718
138,-0.38564999999994143
138,-0.3496499999999969
138,-0.1934999999999718
138,-0.18554999999992106
138,-0.07789999999999964
138,-0.041200000000003456
138,0.03235000000006494
138,0.11465000000009695
138,0.22610000000008768
138,0.2644999999999982
138,0.4477000000000544
138,0.4951500000000806
138,0.5460500000000366
138,0.5709500000000389
138,0.588100000000054
138,0.6680499999999938
138,0.7309999999999945
138,0.7620500000000447
138,0.8670000000000755
138,1.1902000000000044
138,1.2459499999999935
138,1.3086000000000695
139,-0.4017999999999802
139,-0.26985000000001946
139,-0.2534500000000435
139,-0.03345000000001619
139,0.16134999999997035
139,0.2156999999999698
139,0.2847000000000435
139,0.30844999999999345
139,0.3660499999999729
139,0.4067499999999882
139,0.43325000000004366
139,0.44934999999998126
139,0.7028000000000247
139,1.0714000000000397
139,1.231899999999996
139,1.3599000000000387
140,-0.39724999999998545
140,-0.20089999999993324
140,-0.13144999999997253
140,-0.11969999999996617
140,-0.06649999999990541
140,-0.05199999999990723
140,-0.018899999999916872
140,0.09065000000009604
140,0.12790000000006785
140,0.20470000000000255
140,0.2598000000000411
140,0.37285000000008495
140,0.44965000000001965
140,0.5559500000000526
140,0.6091499999999996
140,0.693300000000022
140,0.8591999999999871
140,1.0412000000000035
140,1.0810000000000173
140,1.162300000000073
140,1.3041500000000497
140,1.3141500000000406
140,1.4130499999999984
140,1.477800000000002
141,-0.39420000000006894
141,-0.2979000000000269
141,-0.16904999999997017
141,-0.0523000000000593
141,0.08100000000001728
141,0.2015999999999849
141,0.25654999999994743
141,0.33725000000004
141,0.42859999999996035
141,0.5021500000000287
141,0.5803499999999531
141,1.0511000000000195
141,1.2545999999999822
141,1.4754500000000235
142,-0.3261999999999716
142,-0.2579999999999245
142,-0.24264999999991232
142,-0.213799999999992
142,-0.16039999999998145
142,-0.08819999999991524
142,0.13555000000008022
142,0.18745000000001255
142,0.21945000000005166
142,0.3363000000000511
142,0.4899000000000342
142,0.5150500000000875
142,0.6629500000000235
142,0.8371500000000651
142,1.2398500000000467
142,1.3571000000000595
142,1.4168000000000802
143,-0.4181499999999687
143,-0.3691999999998643
143,-0.3202499999998736
143,-0.08534999999994852
143,-0.027449999999930697
143,0.09855000000004566
143,0.13740000000007058
143,0.1673000000000684
143,0.22185000000013133
143,0.2820000000000391
143,0.5573000000000548
143,0.6760000000000446
143,0.806850000000054
143,1.000400000000127
143,1.186800000000062
143,1.4068000000000893
143,1.4612000000000762
143,1.4792500000000928
144,-0.40774999999985084
144,-0.33579999999994925
144,-0.20829999999989468
144,-0.14354999999989104
144,-0.06314999999995052
144,-0.05784999999991669
144,0.004000000000132786
144,0.06980000000010023
144,0.11570000000006075
144,0.16030000000012024
144,0.26320000000009713
144,0.3742500000000746
144,0.41460000000006403
144,0.45765000000005784
144,0.4974000000000842
144,0.6198000000000548
144,0.6653500000001031
144,0.6712500000001
144,0.7180000000000746
144,0.9928500000000895
144,1.0663000000000693
144,1.1331000000001268
144,1.269100000000094
145,-0.37629999999990105
145,0.06530000000009295
145,0.13580000000001746
145,0.23195000000009713
145,0.26700000000005275
145,0.29245000000003074
145,0.39475000000004457
145,0.45175000000006094
145,0.4822000000000344
145,0.5089000000000397
145,0.6330000000000382
145,0.7768500000000813
145,0.8108500000000731
145,0.839800000000082
145,1.0114500000000817
145,1.2074499999999944
145,1.2447000000000799
145,1.2853000000000065
145,1.333250000000021
145,1.369350000000054
145,1.384800000000041
145,1.449950000000058
146,-0.31264999999996235
146,-0.2636499999999842
146,-0.2506499999999505
146,-0.152150000000006
146,0.20574999999996635
146,0.3043999999999869
146,0.3936499999999796
146,0.42269999999996344
146,0.5206000000000586
146,0.6042499999999791
146,0.6821999999999662
146,0.7516000000000531
146,0.7588000000000648
146,0.7892000000000507
146,0.9791500000000042
146,1.0695000000000618
146,1.20799999999997
146,1.2151499999999942
146,1.2618499999999813
146,1.3736000000000104
147,-0.24815000000000964
147,-0.23194999999998345
147,-0.17345000000000255
147,-0.01639999999997599
147,0.21270000000004075
147,0.278699999999958
147,0.38115000000004784
147,0.4324500000000171
147,0.46614999999997053
147,0.5553499999999758
147,0.6021500000000515
147,0.6354000000000042
147,0.6587500000000546
147,0.8093999999999824
147,0.8605499999999893
147,0.8802000000000589
147,0.9054999999999609
147,1.254350000000045
147,1.3417500000000473
148,-0.36389999999994416
148,-0.0886000000000422
148,-0.004099999999993997
148,0.055399999999963256
148,0.21325000000001637
148,0.3225999999999658
148,0.34284999999999854
148,0.3558500000000322
148,0.3796499999999696
148,0.43050000000005184
148,0.8727000000000089
148,1.167850000000044
148,1.4713500000000295
149,-0.43174999999996544
149,-0.37474999999994907
149,0.17385000000001583
149,0.2125500000000784
149,0.26320000000009713
149,0.5322000000001026
149,0.6115000000000919
149,0.6372000000000071
149,0.6846500000000333
149,0.6923500000000331
149,0.7510500000000775
149,0.8543000000000802
149,0.8930500000000166
149,1.0437500000000455
149,1.1564500000000635
149,1.1814000000000533
149,1.3838500000000522
150,-0.39210000000002765
150,-0.36779999999998836
150,-0.31790000000000873
150,-0.2048499999999649
150,-0.1611000000000331
150,-0.04435000000000855
150,0.03309999999999036
150,0.042399999999929605
150,0.1967499999999518
150,0.2296999999999798
150,0.2535000000000309
150,0.31139999999993506
150,0.3214500000000271
150,0.3301500000000033
150,0.33969999999999345
150,0.3985500000000002
150,1.003500000000031
150,1.3734499999999343
151,-0.456299999999942
151,-0.4027499999999691
151,-0.19079999999996744
151,-0.17589999999995598
151,-0.07049999999992451
151,-0.007749999999987267
151,0.018700000000080763
151,0.16300000000001091
151,0.19249999999999545
151,0.23945000000003347
151,0.29560000000003583
151,0.33205000000009477
151,0.6650000000000773
151,0.6909500000000435
151,0.8369500000000016
151,0.8786000000000058
151,1.0611499999999978
151,1.092200000000048
151,1.172050000000013
151,1.2346000000000004
151,1.3524000000001024
151,1.3797000000000708
151,1.4367500000000746
152,-0.3620499999999538
152,-0.32169999999996435
152,-0.2981999999999516
152,-0.24989999999991142
152,-0.22354999999993197
152,0.13390000000003965
152,0.18170000000009168
152,0.23340000000007421
152,0.33015000000011696
152,0.35130000000003747
152,0.48690000000010514
152,1.3170500000001084
153,-0.4546500000000151
153,0.13364999999998872
153,0.17484999999999218
153,0.4133000000000493
153,0.6993499999999813
153,0.7416500000000497
153,0.7898999999999887
153,0.8277500000000373
153,0.9380499999999756
153,1.1373499999999694
153,1.190900000000056
153,1.291050000000041
153,1.426649999999995
154,-0.06604999999990468
154,-0.021349999999983993
154,-0.01574999999991178
154,0.020100000000070395
154,0.08325000000002092
154,0.1833000000000311
154,0.25595000000009804
154,0.33559999999999945
154,0.38695000000006985
154,0.43840000000000146
154,0.47300000000007003
154,0.5817500000000564
154,0.8677000000000135
154,1.1924999999999955
155,-0.39494999999999436
155,-0.29539999999997235
155,-0.25279999999997926
155,-0.23974999999995816
155,-0.19650000000001455
155,-0.13269999999999982
155,-0.0030000000000427463
155,0.04079999999999018
155,0.07425000000000637
155,0.16190000000005966
155,0.16399999999998727
155,0.6570500000000266
155,0.7958499999999731
155,0.8700999999999794
155,0.9624999999999773
155,1.046199999999999
155,1.1154999999999973
155,1.3035999999999603
155,1.4592000000000098
156,-0.47774999999990087
156,-0.4622999999999138
156,-0.2902999999998883
156,-0.2338999999999487
156,-0.18124999999997726
156,-0.11379999999996926
156,-0.003349999999954889
156,0.06345000000010259
156,0.11085000000002765
156,0.14760000000001128
156,0.19890000000009422
156,0.5837000000000216
156,0.7760500000000548
156,0.8202000000001135
156,0.9296000000000504
156,1.0252000000000407
156,1.2023000000000366
156,1.3096500000000333
156,1.3971500000000106
157,-0.45059999999989486
157,-0.3561499999999569
157,-0.261449999999968
157,-0.08214999999995598
157,-0.04989999999986594
157,0.003400000000056025
157,0.06675000000007003
157,0.11935000000005402
157,0.26615000000003874
157,0.36550000000011096
157,0.45200000000011187
157,0.48700000000008004
157,0.5640500000000657
157,0.5712000000000899
157,0.6744000000001051
157,0.6949000000000751
157,0.8212500000000773
157,0.8583000000000993
157,0.8673500000001013
157,0.8951500000000578
157,0.96975000000009
157,1.0576500000000806
157,1.168950000000109
157,1.2162500000000591
157,1.2722000000001117
157,1.372600000000034
157,1.3980000000001382
157,1.4264000000000578
157,1.4860500000000911
158,-0.47404999999992015
158,-0.4612999999999374
158,-0.3050999999999249
158,-0.24164999999993597
158,-0.13079999999990832
158,0.04250000000013188
158,0.12060000000008131
158,0.19570000000010168
158,0.2157000000000835
158,0.30425000000013824
158,0.34940000000005966
158,0.48030000000005657
158,0.4848500000000513
158,0.5227000000000999
158,0.5970500000000811
158,0.6405000000000882
158,0.6918500000000449
158,0.9594000000000733
158,1.029700000000048
158,1.1499500000001035
158,1.2935500000000957
158,1.3724000000000842
159,-0.3005999999999176
159,-0.2369499999999789
159,-0.12924999999995634
159,-0.021999999999934516
159,0.12350000000003547
159,0.18840000000000146
159,0.6599500000000944
159,0.7233500000000959
159,0.9406999999999925
159,1.0308500000001004
159,1.1257000000000517
159,1.2209500000000162
159,1.262200000000007
159,1.30600000000004
159,1.340599999999995
160,-0.48149999999986903
160,-0.4427499999999327
160,-0.42449999999996635
160,-0.38334999999995034
160,-0.30024999999989177
160,-0.2677499999998645
160,-0.17629999999996926
160,-0.1373999999999569
160,0.034950000000094406
160,0.20020000000010896
160,0.3340500000000475
160,0.3974000000000615
160,0.7359000000001288
160,0.8449000000000524
160,0.9578500000001213
160,1.0755000000000337
160,1.0917000000000598
160,1.1718500000000631
160,1.2028500000001259
160,1.2926500000000942
160,1.3193500000000995
161,-0.3634999999999309
161,-0.24834999999995944
161,-0.213799999999992
161,-0.16300000000001091
161,-0.13734999999996944
161,-0.11639999999999873
161,0.03719999999998436
161,0.044499999999970896
161,0.09135000000003402
161,0.28350000000000364
161,0.3938500000000431
161,0.6562000000000126
161,0.8372000000000526
161,0.9473500000000286
161,1.3881000000000085
161,1.4618000000000393
161,1.471149999999966
162,-0.3233500000000049
162,-0.25499999999999545
162,-0.22664999999994961
162,-0.08609999999998763
162,0.047000000000025466
162,0.1569000000000642
162,0.202350000000024
162,0.45289999999999964
162,0.7201499999999896
163,-0.45574999999996635
163,-0.35954999999989923
163,-0.14699999999993452
163,-0.09914999999989504
163,0.09740000000010696
163,0.11980000000005475
163,0.1361500000000433
163,0.2668500000000904
163,0.31385000000011587
163,0.4674000000001115
163,0.7195500000000266
163,0.8175500000000966
163,0.8979000000000497
163,0.9340500000000702
163,1.037200000000098
163,1.0812000000000808
163,1.1180500000000393
163,1.1384500000000344
163,1.2045500000000402
163,1.2430500000000393
163,1.293100000000095
163,1.4254000000000815
163,1.4898000000000593
163,1.4967500000001337
164,-0.4853499999999258
164,-0.13019999999994525
164,-0.007550000000037471
164,0.13324999999997544
164,0.16830000000004475
164,0.4344499999999698
164,0.6756000000000313
164,0.7177000000000362
164,0.9024000000000569
164,0.9732500000000073
164,0.9925000000000637
164,1.0178500000000668
164,1.0334000000000287
164,1.1123000000000047
164,1.171100000000024
164,1.377299999999991
164,1.460550000000012
164,1.4703000000000657
165,-0.35934999999994943
165,-0.12124999999991815
165,-0.05709999999999127
165,0.07380000000000564
165,0.11695000000008804
165,0.1662499999999909
165,0.22149999999999181
165,0.22795000000007803
165,0.3061000000000149
165,0.5554000000000769
165,0.7694999999999936
165,0.9669499999999971
165,1.1748499999999922
165,1.223700000000008
165,1.2294000000000551
165,1.4363000000000739
166,-0.48615000000006603
166,-0.47365000000002055
166,-0.4478000000000293
166,-0.43524999999999636
166,-0.14835000000005039
166,0.09194999999999709
166,0.32320000000004256
166,0.37649999999996453
166,0.6381000000000085
166,1.0713499999999385
167,-0.3859499999999798
167,-0.3672999999998865
167,0.19925000000012005
167,0.31795000000010987
167,0.4273000000000593
167,0.5632500000000391
167,0.7893500000001268
167,0.8631500000000187
167,0.9784000000000788
167,1.003500000000031
167,1.0596000000000458
167,1.4523000000000366
168,-0.45669999999995525
168,-0.3830999999998994
168,-0.34799999999995634
168,-0.3350999999998976
168,-0.1998999999999569
168,-0.09799999999995634
168,-0.06554999999991651
168,0.03700000000003456
168,0.09820000000001983
168,0.12454999999999927
168,0.16650000000004184
168,0.2233000000001084
168,0.27090000000009695
168,0.30750000000000455
168,0.3100000000000591
168,0.3744500000000244
168,0.39560000000005857
168,0.40660000000002583
168,0.7505500000000893
168,1.0181500000001051
168,1.050100000000043
168,1.1011000000000877
168,1.1197000000000799
168,1.1410000000000764
168,1.24675000000002
168,1.2767500000001064
168,1.427000000000021
169,-0.3586499999998978
169,-0.29845000000000255
169,-0.10054999999999836
169,0.07940000000007785
169,0.1613000000000966
169,0.16975000000002183
169,0.34645000000000437
169,0.4157000000000153
169,0.5137500000000728
169,0.5499500000000808
169,0.6046499999999924
169,0.7024000000000115
169,0.8034000000000106
169,0.8665000000000873
169,0.895900000000097
169,1.0349500000000944
169,1.0723500000000286
169,1.110900000000015
169,1.1332500000000891
169,1.1970000000000027
169,1.4225000000000136
170,-0.47364999999990687
170,-0.4339999999998554
170,-0.3640499999999065
170,-0.32694999999989705
170,-0.2678999999999405
170,0.047350000000051296
170,0.09380000000010114
170,0.12645000000009077
170,0.28565000000014606
170,0.3464000000001306
170,0.44905000000005657
170,0.7035500000000638
170,0.7677000000001044
170,0.8881000000001222
171,-0.26929999999993015
171,-0.19134999999994307
171,0.09195000000011078
171,0.17925000000013824
171,0.40665000000012697
171,0.8105500000000347
171,0.9090000000001055
171,0.9618500000001404
171,1.1276000000001432
171,1.229650000000106
171,1.3907500000001392
172,-0.39924999999993815
172,-0.35544999999990523
172,-0.30074999999987995
172,-0.28129999999987376
172,-0.2150499999999056
172,-0.14639999999997144
172,-0.10254999999995107
172,-0.053349999999909414
172,0.08605000000011387
172,0.30150000000003274
172,0.37305000000003474
172,0.9191000000000713
172,0.9383500000001277
172,1.0715500000001157
172,1.2563000000001239
172,1.330500000000029
173,-0.47794999999996435
173,-0.3506999999999607
173,-0.2362999999999147
173,-0.13889999999992142
173,-0.044899999999984175
173,0.13285000000007585
173,0.2652500000000373
173,0.40155000000004293
173,0.40650000000005093
173,0.6389000000000351
173,0.6836500000000569
173,0.7605500000000802
173,0.8065500000000156
173,0.9195000000000846
173,0.9752000000000862
173,1.0570999999999913
173,1.1285500000000184
173,1.153950000000009
173,1.1689499999999953
173,1.474649999999997
174,-0.4751499999999851
174,-0.44269999999994525
174,-0.31520000000000437
174,-0.2909499999999525
174,-0.07474999999999454
174,0.15560000000004948
174,0.16944999999998345
174,0.21325000000001637
174,0.2842000000000553
174,0.31445000000007894
174,0.3599500000000262
174,0.39055000000007567
174,0.47765000000003965
174,0.6472499999999854
174,0.9520499999999856
174,0.9997500000000628
174,1.053600000000074
174,1.102700000000027
174,1.1255499999999756
174,1.2119500000000016
174,1.2675500000000284
174,1.3310000000000173
174,1.359450000000038
175,-0.4939999999999145
175,-0.3947999999999183
175,-0.21420000000000528
175,0.10130000000003747
175,0.16345000000001164
175,0.21195000000000164
175,0.2635999999999967
175,0.2819000000000642
175,0.6915500000000065
175,0.8251999999999953
175,0.8849999999999909
175,0.984450000000038
175,1.0219500000000608
175,1.1133500000000822
175,1.143850000000043
175,1.2304000000000315
175,1.4381000000000768
175,1.449100000000044
175,1.473600000000033
176,-0.4747499999998581
176,-0.18719999999996162
176,0.12400000000013733
176,0.2085500000000593
176,0.2682000000000926
176,0.31005000000004657
176,0.40800000000012915
176,0.4868500000001177
176,0.5161500000000387
176,0.5385000000001128
176,0.6584500000001299
176,0.6766500000001088
176,0.7363000000001421
176,0.743750000000091
176,0.8119500000001381
176,0.9062500000001137
176,1.1263500000001159
176,1.2166500000000724
176,1.2398500000000467
176,1.3845000000001164
176,1.4268500000000586
177,-0.36694999999997435
177,-0.1099499999999125
177,0.06520000000000437
177,0.09915000000000873
177,0.1209999999999809
177,0.21005000000002383
177,0.24525000000005548
177,0.3888000000000602
177,0.444150000000036
177,0.45810000000005857
177,0.915450000000078
177,0.9540000000000646
177,1.0491000000000668
177,1.061800000000062
177,1.1016500000000633
177,1.1535000000000082
177,1.267150000000015
177,1.3399500000000444
177,1.373450000000048
177,1.4044999999999845
177,1.4988500000000613
178,-0.420949999999948
178,-0.38049999999998363
178,-0.19319999999993342
178,-0.15774999999996453
178,-0.1302499999999327
178,-0.08240000000000691
178,-0.045250000000010004
178,-0.0193499999999176
178,0.10720000000003438
178,0.13650000000006912
178,0.2027500000000373
178,0.25260000000002947
178,0.40590000000008786
178,0.8392499999999927
178,0.8899000000000115
178,0.9345000000000709
178,0.9764499999999998
178,1.060200000000009
178,1.3957000000000335
178,1.476949999999988
178,1.4929500000000644
179,-0.26940000000001874
179,-0.088799999999992
179,0.006300000000010186
179,0.056150000000002365
179,0.09800000000007003
179,0.14049999999997453
179,0.24925000000007458
179,0.27195000000006075
179,0.3027000000000726
179,0.4110000000000582
179,0.5495500000000675
179,0.6488000000000511
179,0.7389500000000453
179,0.7933500000000322
179,0.8540000000000418
179,0.8983500000000504
179,0.9900499999999965
179,1.060100000000034
179,1.0797999999999774
179,1.1779500000000098
179,1.279700000000048
179,1.3963999999999714
179,1.424250000000029
180,-0.39409999999998035
180,-0.006849999999985812
180,0.06444999999996526
180,0.19765000000006694
180,0.23310000000003583
180,0.26634999999998854
180,0.2811500000000251
180,0.6212000000000444
180,0.8083000000000311
180,0.9631500000000415
180,0.9700000000000273
180,0.9867500000000291
180,1.0510000000000446
180,1.2131500000000415
180,1.2478499999999713
180,1.2860000000000582
180,1.332049999999981
181,-0.4853499999999258
181,-0.4178999999999178
181,-0.0001999999999497959
181,0.08005000000002838
181,0.16980000000000928
181,0.20294999999998709
181,0.31490000000007967
181,0.3540500000000293
181,0.3770000000000664
181,0.39125000000001364
181,0.40145000000006803
181,0.4566500000000815
181,0.5729499999999916
181,0.8302499999999782
181,0.9582500000000209
181,0.9932499999999891
181,1.0711999999999762
181,1.1355500000000802
181,1.21550000000002
181,1.3052999999999884
181,1.3959500000000844
182,0.10030000000006112
182,0.17669999999998254
182,0.25175000000001546
182,0.28940000000000055
182,0.3080999999999676
182,0.3694000000000415
182,0.8328500000000076
182,0.8780000000000427
182,0.9641500000000178
182,1.1172000000000253
182,1.1385000000000218
182,1.2976999999999634
182,1.418700000000058
182,1.474550000000022
183,-0.47654999999986103
183,-0.3568999999998823
183,-0.2880999999998721
183,-0.10989999999992506
183,-0.02654999999992924
183,0.02135000000009768
183,0.12095000000010714
183,0.14435000000014497
183,0.18370000000004438
183,0.20850000000007185
183,0.27900000000011005
183,0.2919000000000551
183,0.4048000000001366
183,0.5193000000000438
183,0.59475000000009
183,0.6433500000000549
183,0.6632500000000618
183,0.7681500000001051
183,1.1123000000001184
183,1.1759500000000571
183,1.2114000000001397
183,1.2975500000001148
183,1.3398500000000695
183,1.3855500000000802
183,1.4037500000000591
183,1.4570000000001073
183,1.4881500000001324
184,-0.3698500000000422
184,-0.1631999999999607
184,-0.1373999999999569
184,0.04549999999994725
184,0.06114999999999782
184,0.1168999999999869
184,0.21550000000002
184,0.32749999999998636
184,0.41259999999999764
184,0.51724999999999
184,0.6011999999999489
184,0.6404999999999745
184,0.7031500000000506
184,0.7942500000000337
184,0.8689500000000407
184,0.9308999999999514
184,1.007349999999974
184,1.0524500000000216
184,1.0983999999999696
184,1.335299999999961
184,1.4339499999999816
185,-0.4826499999999214
185,-0.41689999999994143
185,-0.39079999999989923
185,-0.24149999999997362
185,-0.20819999999991978
185,-0.19784999999990305
185,0.08925000000010641
185,0.4141500000000633
185,0.536600000000135
185,0.7250500000001239
185,0.7300000000001319
185,0.8195500000000493
185,0.8424000000001115
185,0.8612500000000409
185,0.9085000000001173
185,0.9628500000001168
185,0.9831000000000358
185,1.0737500000001319
185,1.1457500000001346
185,1.2748000000000275
185,1.4754500000001372
186,-0.4591000000000349
186,-0.44374999999990905
186,-0.38149999999996
186,-0.2792500000000473
186,-0.24434999999994034
186,-0.20544999999992797
186,-0.09960000000000946
186,0.08780000000001564
186,0.1513999999999669
186,0.2208499999999276
186,0.2779000000000451
186,0.3663500000000113
186,0.46640000000002146
186,0.5191999999999553
186,0.5271999999999935
186,0.5764500000000226
186,0.7903499999999894
186,0.8615500000000793
186,0.89325000000008
186,0.9100000000000819
186,0.9492000000000189
186,0.9983999999999469
186,1.0619500000000244
186,1.4349500000000717
187,-0.470450000000028
187,-0.4010000000000673
187,-0.3503000000000611
187,-0.3414500000001226
187,-0.25565000000005966
187,-0.2106499999999869
187,-0.08120000000008076
187,-0.0683000000001357
187,0.05424999999991087
187,0.21550000000002
187,0.2193499999998494
187,0.2901999999999134
187,0.3557499999999436
187,0.7061499999999796
187,0.724999999999909
187,0.7894999999998618
187,0.8024000000000342
187,1.0301999999999225
187,1.2903499999999894
187,1.3402999999998428
187,1.3724499999998443
187,1.434099999999944
188,-0.4985999999998967
188,-0.22509999999988395
188,-0.19624999999996362
188,-0.1666499999998905
188,0.023850000000038563
188,0.22890000000006694
188,0.29185000000006767
188,0.3443999999999505
188,0.40949999999998
188,0.5134500000001481
188,0.5966499999999542
188,0.6062500000000455
188,0.7595499999999902
188,1.0162000000000262
188,1.177349999999933
188,1.3188000000000102
188,1.3287500000001273
188,1.3723500000000968
188,1.4100499999999556
188,1.4532000000001517
188,1.4748999999999342
189,-0.27779999999984284
189,-0.24864999999977044
189,-0.2242999999998574
189,-0.09774999999990541
189,-0.008299999999962893
189,0.11485000000016043
189,0.13540000000011787
189,0.20590000000015607
189,0.21925000000010186
189,0.2695000000001073
189,0.3812000000000353
189,0.47555000000011205
189,0.5826000000001841
189,0.6419000000000779
189,0.6780500000002121
189,0.7120000000002165
189,0.7652000000000498
189,0.8087500000001455
189,0.8784500000001572
189,0.9882000000002336
189,1.0408000000002176
189,1.1625500000002376
189,1.1873500000001513
189,1.1918000000000575
189,1.3551000000002205
189,1.4261000000001332
189,1.4854000000002543
190,-0.2442999999998392
190,-0.16504999999983738
190,-0.10265000000003965
190,-0.07159999999998945
190,-0.05949999999984357
190,0.0005000000001018634
190,0.03674999999998363
190,0.12110000000006949
190,0.17050000000017462
190,0.3097500000001219
190,0.4124500000000353
190,0.5102500000000418
190,0.5172500000001037
190,0.6398000000001502
190,0.6856000000000222
190,0.8042500000001382
190,0.8424999999999727
190,0.8745499999999993
190,0.9370499999999993
190,0.9891999999999825
191,-0.4732500000000073
191,-0.4592999999999847
191,-0.3329999999998563
191,-0.3111999999998716
191,-0.2691499999998541
191,-0.07399999999984175
191,0.9797000000000935
191,1.0370500000001357
191,1.0815999999999804
191,1.1570500000000266
191,1.4711500000000797
192,-0.18104999999991378
192,-0.14840000000003783
192,-0.12110000000006949
192,0.07155000000011569
192,0.12255000000004657
192,0.15409999999997126
192,0.2074000000000069
192,0.24064999999995962
192,0.2907500000001164
192,0.4675999999999476
192,0.6964000000000397
192,0.7288499999999658
192,0.7728500000000622
192,1.175899999999956
192,1.3198999999999614
192,1.429450000000088
192,1.4845000000000255
193,-0.43554999999992106
193,0.042699999999967986
193,0.08249999999998181
193,0.2728500000000622
193,0.32455000000004475
193,0.34550000000012915
193,0.48444999999992433
193,0.5662500000000819
193,0.6525500000000193
193,0.7745500000000902
193,1.0186000000001059
193,1.0788500000001022
193,1.1311000000000604
193,1.377999999999929
194,-0.4471000000000913
194,-0.41160000000013497
194,-0.3647000000000844
194,-0.30490000000008877
194,-0.2616499999999178
194,-0.23005000000011933
194,-0.17814999999995962
194,-0.14059999999994943
194,-0.1197500000000673
194,0.08349999999995816
194,0.1304499999998825
194,0.1725500000000011
194,0.6202499999999418
194,0.7121500000000651
194,0.7328499999998712
194,0.7434499999999389
194,0.75649999999996
194,0.8562999999999192
194,0.9142500000000382
194,0.9726499999999305
194,0.996349999999893
194,1.200249999999869
194,1.2799999999999727
194,1.4252999999998792
195,-0.44679999999993925
195,-0.41574999999988904
195,-0.3432999999997719
195,-0.08009999999990214
195,0.01770000000010441
195,0.04640000000017608
195,0.08655000000021573
195,0.15105000000016844
195,0.21690000000012333
195,0.26830000000018117
195,0.3011500000002343
195,0.3068000000000666
195,0.4234500000002299
195,0.45430000000010295
195,0.540000000000191
195,0.5720000000001164
195,0.5786000000000513
195,0.5938000000001011
195,1.1735000000001037
195,1.2201500000001033
195,1.3301500000002306
195,1.4418000000000575
195,1.4927000000000135
196,-0.41109999999980573
196,-0.3163499999998294
196,-0.23804999999993015
196,-0.22339999999985594
196,-0.21249999999986358
196,-0.09304999999994834
196,0.14460000000008222
196,0.21295000000009168
196,0.32575000000019827
196,0.4236000000000786
196,0.5786500000001524
196,0.6770000000001346
196,0.7436999999999898
196,0.8034000000000106
196,0.8378000000000156
196,0.8728500000001986
196,0.9504000000001724
196,0.9981999999999971
196,1.0649000000000797
196,1.1456500000001597
196,1.187750000000051
197,-0.4901999999999589
197,-0.2899999999999636
197,-0.23185000000012224
197,-0.1358500000001186
197,-0.0863000000001648
197,0.02970000000004802
197,0.08929999999986649
197,0.13649999999984175
197,0.2961999999999989
197,0.3404499999999189
197,0.39059999999994943
197,0.4152999999998883
197,0.43049999999993815
197,0.4640999999999167
197,0.5021999999999025
197,0.5383500000000367
197,0.624599999999873
197,0.6522999999999683
197,0.8170999999999822
197,0.8276499999999487
197,0.8500500000000102
197,0.8985999999999876
197,0.9295999999999367
198,-0.42630000000008295
198,-0.27559999999994034
198,-0.1996999999998934
198,-0.07609999999999673
198,-0.015949999999975262
198,0.04829999999992651
198,0.0834500000000844
198,0.20785000000000764
198,0.22755000000006476
198,0.28594999999995707
198,0.3203000000000884
198,0.37809999999990396
198,0.4385500000000775
198,0.5637500000000273
198,0.6150000000000091
198,0.6472499999999854
198,0.745200000000068
198,0.7557500000000346
198,0.7982500000000528
198,0.8880500000000211
198,0.8918499999999767
198,0.9078999999999269
198,0.970450000000028
198,1.0006499999999505
198,1.0575000000001182
198,1.0972999999999047
198,1.1527000000000953
198,1.174350000000004
198,1.181150000000116
198,1.1980499999999665
198,1.412499999999909
199,-0.3017500000000837
199,-0.28395000000000437
199,-0.13875000000007276
199,-0.09420000000000073
199,-0.07654999999999745
199,-0.015949999999975262
199,0.0836500000000342
199,0.11744999999996253
199,0.15574999999989814
199,0.3244999999999436
199,0.3994999999999891
199,0.6291499999999814
199,0.6785999999999603
199,0.7094999999999345
199,0.7301499999998668
199,0.7935999999999694
199,0.9443999999998596
199,0.9874999999999545
199,1.0961999999999534
199,1.2039999999999509
199,1.2849499999999807
199,1.2898000000000138
199,1.3778500000000804
200,-0.49644999999986794
200,-0.30924999999979264
200,-0.2585999999998876
200,-0.0960499999998774
200,0.19185000000015862
200,0.2182500000001255
200,0.24594999999999345
200,0.32465000000001965
200,0.4957000000001699
200,0.5781000000001768
200,0.8749000000000251
200,0.9253500000002077
200,1.0822000000000571
200,1.1499499999999898
201,-0.4090000000001055
201,-0.33474999999998545
201,-0.28670000000010987
201,-0.25585000000000946
201,-0.1379500000000462
201,-0.09415000000012697
201,0.040150000000039654
201,0.14409999999998035
201,0.2681999999999789
201,0.4188500000000204
201,0.47139999999990323
201,0.47679999999991196
201,0.5233499999999367
201,0.5294499999999971
201,0.8149499999999534
201,0.9221000000000004
201,0.9546000000000276
201,0.9731999999999061
201,1.231899999999996
202,-0.4672499999999218
202,-0.39744999999993524
202,-0.3478499999998803
202,-0.2638999999999214
202,-0.20024999999986903
202,-0.0969000000000051
202,-0.08015000000000327
202,-0.006849999999985812
202,0.032850000000053114
202,0.08400000000006003
202,0.24390000000016698
202,0.30035000000020773
202,0.3167500000001837
202,0.4257000000000062
202,0.4701500000001033
202,0.5565000000001419
202,0.5916000000001986
202,0.7973500000000513
202,0.8998500000000149
202,0.9595500000000357
202,1.118249999999989
202,1.135150000000067
202,1.1694500000000971
202,1.2508000000000266
202,1.368600000000015
202,1.4816000000000713
202,1.4911500000000615
203,-0.49109999999996035
203,-0.345299999999952
203,-0.3210999999998876
203,-0.266550000000052
203,-0.19800000000009277
203,-0.11864999999988868
203,-0.01269999999999527
203,0.012600000000020373
203,0.16094999999995707
203,0.21235000000001492
203,0.38020000000005894
203,0.4910500000000866
203,0.5861500000000888
203,0.6351999999999407
203,0.7310999999999694
203,0.7601500000000669
203,0.9123999999999342
203,0.9894999999999072
203,1.0027000000000044
203,1.0413499999999658
203,1.1347000000000662
203,1.2191000000000258
203,1.2899999999999636
204,-0.49025000000006
204,-0.41420000000016444
204,-0.37675000000012915
204,-0.20990000000006148
204,-0.1651000000001659
204,-0.13445000000001528
204,-0.0471500000001015
204,0.08534999999983484
204,0.11349999999993088
204,0.15705000000002656
204,0.17055000000004839
204,0.20489999999995234
204,0.23309999999992215
204,0.26329999999984466
204,0.3160000000000309
204,0.34854999999993197
204,0.386449999999968
204,0.41059999999993124
204,0.5103999999998905
204,0.582149999999956
204,0.6673499999999422
204,0.9824499999999716
204,1.0136999999999716
204,1.0189499999999043
204,1.0845500000000357
204,1.234749999999849
204,1.2783999999999196
204,1.3244999999999436
204,1.3788999999999305
204,1.4146499999999378
205,-0.42734999999993306
205,-0.2774500000000444
205,-0.2744999999999891
205,-0.2236000000000331
205,-0.12055000000009386
205,-0.06044999999994616
205,0.04129999999986467
205,0.11050000000000182
205,0.13859999999999673
205,0.17529999999987922
205,0.1830499999998665
205,0.28604999999993197
205,0.5117000000000189
205,0.5500500000000557
205,0.6830999999999676
205,0.7866500000000087
205,0.937349999999924
205,0.9926499999999123
205,1.2483500000000731
205,1.3840999999999894
205,1.3985999999999876
205,1.478249999999889
206,-0.3600500000000011
206,-0.30719999999996617
206,-0.18399999999996908
206,-0.13715000000001965
206,-0.070699999999988
206,0.0003000000001520675
206,0.05899999999996908
206,0.06850000000008549
206,0.11959999999999127
206,0.13675000000012005
206,0.31285000000002583
206,0.3737499999999727
206,0.394649999999956
206,0.8003000000001066
206,0.9448999999999614
206,1.2194500000000517
206,1.3122000000000753
206,1.4329000000000178
207,-0.43174999999996544
207,-0.38419999999996435
207,-0.3394499999999425
207,-0.16934999999989486
207,-0.14804999999978463
207,-0.09904999999980646
207,-0.03699999999980719
207,0.003150000000232467
207,0.020050000000082946
207,0.09760000000005675
207,0.17915000000016335
207,0.38210000000003674
207,0.4440500000000611
207,0.47450000000003456
207,0.5675000000001091
207,0.6761000000001332
207,0.904850000000124
207,0.9735500000001593
207,0.9970500000001721
207,1.0328500000000531
207,1.1084500000001754
207,1.1445500000002085
207,1.1558500000001004
207,1.1826000000000931
207,1.2462000000000444
207,1.362500000000182
207,1.4146500000001652
207,1.4203000000002248
207,1.4491500000001452
208,-0.25444999999990614
208,0.16955000000007203
208,0.1703500000000986
208,0.3035500000000866
208,0.315900000000056
208,0.45085000000017317
208,0.4735000000000582
208,0.6813000000001921
208,0.8545500000000175
208,0.8604500000001281
208,0.9150500000000648
208,0.9863000000000284
208,0.9923499999999876
208,1.0321000000001277
208,1.0534500000001117
208,1.151600000000144
208,1.2196500000000015
208,1.24245000000019
208,1.2953999999999724
208,1.3133500000001277
208,1.449500000000171
208,1.4660499999999956
209,-0.4958000000001448
209,-0.34625000000005457
209,-0.2263500000001386
209,-0.18039999999996326
209,-0.12090000000011969
209,-0.08439999999995962
209,0.0072000000000116415
209,0.0747999999998683
209,0.14494999999988067
209,0.18229999999994106
209,0.2692500000000564
209,0.3505999999999858
209,0.40324999999984357
209,0.46405000000004293
209,0.4905999999998585
209,0.5173499999998512
209,0.5451000000000477
209,0.5625999999999749
209,0.6236999999998716
209,0.6849999999999454
209,0.7702999999999065
209,0.8137500000000273
209,0.9151500000000397
209,1.003349999999955
209,1.0899500000000444
209,1.1325999999999112
209,1.178649999999834
209,1.2410499999998592
209,1.3059499999999389
209,1.3687999999999647
209,1.429200000000037
210,-0.4760000000001128
210,-0.41840000000001965
210,-0.2584500000000389
210,-0.23090000000001965
210,-0.15235000000006949
210,-0.0757499999999709
210,0.005999999999858119
210,0.08500000000003638
210,0.08744999999998981
210,0.1335999999998876
210,0.19654999999988831
210,0.2465500000000702
210,0.2987000000000535
210,0.4566500000000815
210,0.4734000000000833
210,0.5681999999999334
210,0.6170500000000629
210,0.6920999999999822
210,0.7040999999999258
210,0.7981500000000779
210,0.8171500000000833
210,0.8992000000000644
210,0.9547999999999774
210,0.9669999999998709
211,-0.43849999999997635
211,-0.34245000000009895
211,-0.23775000000000546
211,-0.1070999999999458
211,-0.06105000000002292
211,0.06079999999997199
211,0.08989999999994325
211,0.15779999999995198
211,0.18650000000002365
211,0.3266000000000986
211,0.4682999999999993
211,0.4863000000000284
211,0.8936499999999796
211,0.9837500000001
211,1.00324999999998
211,1.08400000000006
211,1.200749999999971
211,1.3302000000001044
211,1.3651500000000851
211,1.4825499999999465
212,-0.47919999999999163
212,-0.4208499999999731
212,-0.3345999999999094
212,-0.24364999999988868
212,-0.2268500000000131
212,-0.15840000000002874
212,-0.13909999999987122
212,-0.11310000000003129
212,0.12979999999993197
212,0.14685000000008586
212,0.15625
212,0.266550000000052
212,0.3177499999999327
212,0.39059999999994943
212,0.44669999999996435
212,0.4880000000000564
212,0.5307500000001255
212,0.6337499999999636
212,0.793100000000095
212,0.8529499999999643
212,0.9004500000000917
212,0.9463000000000648
212,1.016149999999925
212,1.0914500000001226
212,1.1631999999999607
213,-0.44729999999981374
213,-0.39279999999985193
213,-0.3193999999998596
213,-0.3133499999999003
213,-0.17859999999996035
213,-0.12754999999992833
213,-0.041399999999839565
213,0.06335000000012769
213,0.1721500000001015
213,0.27195000000006075
213,0.3431500000001506
213,0.3632500000001073
213,0.49290000000019063
213,0.516399999999976
213,0.5370500000001357
213,0.7352000000000771
213,0.8125500000001011
213,0.8289500000000771
213,0.9243000000001302
213,0.9402999999999793
213,0.9494500000000698
213,1.3280500000000757
214,0.003349999999954889
214,0.06680000000005748
214,0.10969999999997526
214,0.12165000000004511
214,0.14699999999993452
214,0.1877999999999247
214,0.21749999999997272
214,0.3326999999999316
214,0.39200000000005275
214,0.39934999999991305
214,0.404700000000048
214,0.4961000000000695
214,0.5292500000000473
214,0.6394500000001244
214,0.6721999999999753
214,0.9123500000000604
214,1.0335500000001048
214,1.2410999999999603
214,1.4206500000000233
214,1.437900000000127
215,-0.21804999999994834
215,-0.13439999999991414
215,-0.09590000000002874
215,0.09429999999997563
215,0.12574999999992542
215,0.13990000000012515
215,0.3188999999999851
215,0.42115000000012515
215,0.5914500000001226
215,0.5987999999999829
215,0.6175000000000637
215,0.6818000000000666
215,0.7148500000000695
215,0.8858500000001186
215,0.9196500000000469
215,0.965650000000096
215,1.1125999999999294
215,1.2490000000000236
215,1.2595000000001164
215,1.3088500000001204
215,1.3213499999999385
215,1.407799999999952
215,1.4245499999999538
216,-0.4356500000001233
216,-0.3740500000001248
216,-0.3168000000000575
216,-0.2657000000001517
216,-0.21829999999999927
216,-0.11104999999997744
216,-0.08664999999996326
216,-0.03590000000008331
216,-0.005200000000058935
216,0.08545000000003711
216,0.1472999999998592
216,0.16859999999996944
216,0.30034999999998035
216,0.7406499999999596
216,0.8712499999999181
216,0.9310499999999138
216,1.0595499999999447
216,1.1178499999998621
216,1.1883000000000266
217,-0.4964500000000953
217,-0.439049999999952
217,-0.43354999999996835
217,-0.41180000000008476
217,-0.393100000000004
217,-0.34685000000013133
217,-0.23839999999995598
217,0.16789999999991778
217,0.2913499999999658
217,0.5760499999998956
217,0.6789499999999862
217,0.7340500000000247
217,0.8359499999999116
217,0.8826999999998861
217,0.9522999999999229
217,0.9849500000000262
217,1.0898499999998421
217,1.2247499999998581
217,1.2952000000000226
217,1.3536999999998898
217,1.3904999999999745
217,1.4640999999999167
218,-0.42109999999979664
218,-0.303749999999809
218,-0.12869999999998072
218,-0.029049999999870124
218,0.042200000000093496
218,0.14265000000000327
218,0.14960000000019136
218,0.6374500000001717
218,0.6779000000001361
218,0.8865000000000691
218,0.9114000000001852
218,0.9909999999999854
218,1.0769500000001244
218,1.1225500000000466
218,1.1472499999999854
218,1.1727000000000771
218,1.4858500000000276
219,-0.39469999999982974
219,-0.3310999999998785
219,-0.18734999999992397
219,-0.12175000000002001
219,-0.046399999999948704
219,-0.021749999999883585
219,0.05975000000012187
219,0.11070000000017899
219,0.12180000000012114
219,0.13644999999996799
219,0.28615000000013424
219,0.3825000000001637
219,0.6417000000001281
219,1.3577000000000226
219,1.4751000000001113
220,-0.47014999999987594
220,-0.32819999999992433
220,-0.2535000000000309
220,-0.17480000000000473
220,-0.13409999999998945
220,-0.12754999999992833
220,-0.09834999999998217
220,-0.06224999999994907
220,0.055499999999938154
220,0.29330000000004475
220,0.3369000000000142
220,0.3795000000000073
220,0.5439499999999953
220,0.8262500000000728
220,0.9799000000000433
220,1.0092500000000655
220,1.0438500000000204
220,1.1429000000000542
220,1.184400000000096
220,1.4864000000000033
221,-0.42164999999977226
221,-0.2802499999997963
221,-0.25509999999985666
221,-0.22189999999977772
221,-0.14574999999990723
221,-0.09979999999973188
221,-0.010199999999940701
221,0.09305000000017571
221,0.2785000000001219
221,0.3205000000002656
221,0.45850000000018554
221,0.5088000000000648
221,0.6724500000002536
221,0.740500000000111
221,0.7867000000001099
221,0.8298500000000786
221,0.8739500000001499
221,0.949100000000044
221,1.0661000000002332
221,1.217750000000251
221,1.233900000000176
221,1.2796500000001743
221,1.3226000000001932
221,1.3344500000000608
222,-0.43029999999998836
222,-0.2218000000000302
222,-0.11170000000015534
222,-0.018000000000029104
222,0.07359999999994216
222,0.08199999999987995
222,0.15134999999986576
222,0.21270000000004075
222,0.21699999999987085
222,0.3724499999998443
222,0.407950000000028
222,0.5081499999998869
222,0.6811000000000149
222,0.7662000000000262
222,0.8168499999999312
222,0.8973499999999603
222,0.9884999999999309
222,0.9972000000000207
222,1.0584999999998672
222,1.0711499999999887
222,1.164350000000013
222,1.1753499999999804
222,1.290899999999965
222,1.3717999999998938
222,1.4576999999999316
223,-0.4706499999999778
223,-0.36954999999989013
223,-0.34389999999984866
223,-0.27899999999999636
223,-0.24414999999999054
223,-0.19344999999998436
223,-0.02719999999999345
223,0.007749999999987267
223,0.18595000000004802
223,0.30500000000006366
223,0.34699999999998
223,0.4682999999999993
223,0.5052000000000589
223,0.6216500000000451
223,0.6882500000001528
223,0.8643000000001848
223,1.0207500000001346
223,1.0619000000001506
223,1.144549999999981
223,1.1648000000000138
223,1.2118000000000393
223,1.3708000000001448
223,1.471100000000206
224,-0.23014999999986685
224,-0.15039999999999054
224,-0.10694999999986976
224,-0.0959499999999025
224,0.04370000000017171
224,0.19164999999998145
224,0.30605000000014115
224,0.5008000000000266
224,0.5244000000000142
224,0.6122000000000298
224,0.7804500000002008
224,0.9433000000001357
224,1.28449999999998
224,1.355650000000196
224,1.4302999999999884
225,-0.422249999999849
225,-0.23499999999989996
225,-0.12784999999985303
225,-0.06844999999998436
225,0.045900000000074215
225,0.18425000000002
225,0.42669999999998254
225,0.45585000000005493
225,1.1119000000001051
225,1.1648999999999887
225,1.301450000000159
225,1.3775000000000546
225,1.4714000000001306
226,-0.45119999999974425
226,-0.4091999999998279
226,-0.22164999999995416
226,-0.183699999999817
226,-0.1696999999999207
226,-0.06159999999977117
226,-0.03829999999993561
226,0.03815000000008695
226,0.04510000000004766
226,0.09230000000025029
226,0.15725000000020373
226,0.2737000000001899
226,0.2789500000001226
226,0.4305500000000393
226,0.607050000000072
226,0.6107500000000528
226,0.6373500000001968
226,0.7599000000002434
226,0.834400000000187
226,0.8797500000000582
226,0.8928500000001804
226,0.9373000000000502
226,0.9778000000001157
226,1.05600000000004
226,1.074400000000196
226,1.1413000000002285
226,1.4020500000001448
227,-0.4208499999999731
227,-0.38149999999996
227,-0.3096499999999196
227,-0.2287499999999909
227,-0.1668499999998403
227,-0.1485499999998865
227,-0.07974999999987631
227,-0.070699999999988
227,-0.04254999999989195
227,-0.008499999999912689
227,0.08605000000011387
227,0.1229000000000724
227,0.14240000000017972
227,0.1938000000000102
227,0.20700000000010732
227,0.23745000000008076
227,0.3106999999999971
227,0.36645000000021355
227,0.39200000000005275
227,0.4335000000000946
227,0.6478500000000622
227,0.7231500000000324
227,0.8062000000002172
227,0.8592500000002019
227,0.8779000000001815
227,0.9070000000001528
227,1.0689000000002125
228,-0.274199999999837
228,-0.17259999999987485
228,-0.15794999999980064
228,-0.11819999999988795
228,-0.0983499999997548
228,0.013350000000173168
228,0.347700000000259
228,0.4675000000002001
228,0.6826000000000931
228,0.707850000000235
228,1.1506000000001677
229,-0.4068999999999505
229,-0.17429999999990287
229,-0.0879499999998643
229,-0.03199999999992542
229,0.058100000000194996
229,0.08540000000016335
229,0.15320000000019718
229,0.21880000000010114
229,0.24565000000006876
229,0.287900000000036
229,0.29185000000006767
229,0.3637500000002092
229,0.40850000000000364
229,0.47700000000008913
229,0.5344500000001062
229,0.5812500000001819
229,0.6289000000001579
229,0.7611500000000433
229,0.9555000000000291
229,1.0362500000001091
229,1.049900000000207
229,1.3913000000002285
230,-0.4871499999999287
230,-0.3998500000000149
230,-0.2833499999999276
230,-0.19449999999983447
230,-0.14304999999990287
230,0.014800000000150249
230,0.07280000000014297
230,0.1197500000000673
230,0.1609000000000833
230,0.20980000000008658
230,0.21905000000015207
230,0.47910000000001673
230,0.5256500000000415
230,0.5307000000000244
230,0.5854500000000371
230,0.6292500000001837
230,0.6765000000000327
230,0.7378499999999804
230,0.8255000000001473
230,0.8465499999999793
230,0.9645000000000437
230,1.0679000000000087
230,1.2483500000000731
230,1.2780500000001211
230,1.3940000000000055
230,1.4260000000001583
230,1.4532000000001517
230,1.4682500000001255
231,-0.4213999999999487
231,-0.3246999999998934
231,-0.2495499999997719
231,-0.1708499999997457
231,-0.14179999999987558
231,-0.06579999999985375
231,-0.013249999999743522
231,0.021150000000034197
231,0.15160000000014406
231,0.22390000000018517
231,0.2812500000002274
231,0.31645000000003165
231,0.3312500000001819
231,0.43555000000014843
231,0.46725000000014916
231,0.6584000000002561
231,0.791700000000219
231,1.4243500000002314
231,1.4638500000000931
231,1.4868000000001302
232,-0.4668499999997948
232,-0.3270999999999731
232,-0.16029999999977917
232,-0.028099999999994907
232,0.15165000000001783
232,0.23310000000014952
232,0.2414000000001124
232,0.41165000000000873
232,0.5085000000001401
232,0.6397500000000491
232,0.7303000000001703
232,0.7438500000000658
232,0.8745499999999993
232,1.1478000000001884
232,1.240350000000035
232,1.3280500000000757
232,1.365550000000212
232,1.4687000000001262
232,1.4955500000000939
233,-0.48949999999990723
233,-0.39609999999993306
233,-0.338249999999789
233,-0.27289999999993597
233,-0.1295999999997548
233,-0.11494999999990796
233,0.10135000000013861
233,0.17535000000020773
233,0.19070000000010623
233,0.20975000000021282
233,0.22010000000022956
233,0.2987500000001546
233,0.6589500000002317
233,0.6998000000000957
233,0.7257000000001881
233,0.8009000000001834
233,1.0639000000001033
233,1.0737000000001444
233,1.0934500000000753
233,1.256900000000087
233,1.2806000000002769
234,-0.32169999999996435
234,-0.2737999999999374
234,0.024699999999938882
234,0.08474999999998545
234,0.12220000000002074
234,0.17069999999989705
234,0.2441999999998643
234,0.25530000000003383
234,0.3813999999999851
234,0.4074000000000524
234,0.4332999999999174
234,0.4537000000000262
234,0.4934000000000651
234,0.6820000000000164
234,0.7063499999999294
234,0.7784500000000207
234,0.8242000000000189
234,0.8779999999999291
234,0.9918999999999869
234,1.1673000000000684
234,1.2364999999999782
234,1.293999999999869
234,1.3811499999999342
234,1.4069999999999254
234,1.4631999999999152
235,-0.27395000000001346
235,0.0013500000000021828
235,0.045900000000074215
235,0.07960000000002765
235,0.19910000000004402
235,0.25510000000008404
235,0.36664999999993597
235,0.5750000000000455
235,0.5853500000000622
235,0.601799999999912
235,0.6275499999999283
235,0.6603499999998803
235,0.6810499999999138
235,0.7029999999999745
235,0.7558500000000095
235,0.8324999999999818
235,0.89325000000008
235,1.0222499999999854
235,1.3424499999998716
235,1.3677499999998872
235,1.478650000000016
235,1.4837499999998727
236,-0.47775000000001455
236,-0.3145999999999276
236,-0.2868499999999585
236,-0.13464999999996508
236,-0.08164999999985412
236,0.08735000000001492
236,0.2838000000001557
236,0.3037500000000364
236,0.4044000000001233
236,0.5047500000000582
236,0.5462999999999738
236,0.6720500000001266
236,0.673200000000179
236,0.83400000000006
236,0.8900499999999738
236,0.9343000000001211
236,0.9927500000001146
236,1.047950000000128
236,1.0559500000001663
236,1.108699999999999
236,1.1408000000001266
236,1.2724000000000615
236,1.3142500000001291
236,1.3648500000001604
236,1.411350000000084
236,1.4265000000000327
236,1.4455500000001393
237,-0.3945499999999811
237,-0.3576999999997952
237,-0.33839999999986503
237,-0.32034999999996217
237,-0.13584999999989122
237,-0.07694999999989705
237,0.12255000000004657
237,0.20980000000008658
237,0.2706500000001597
237,0.31070000000022446
237,0.39465000000018335
237,0.4055500000001757
237,0.4221500000001015
237,0.497300000000223
237,0.5088500000001659
237,0.5389000000002397
237,0.5528000000001612
237,0.5700500000000375
237,0.6717000000001008
237,0.7893500000002405
237,0.8054000000001906
237,0.8164000000001579
237,0.8489500000000589
237,0.9739500000000589
237,0.9798500000001695
237,1.0050500000002103
237,1.0290000000002237
237,1.0510000000001583
237,1.1341500000000906
237,1.298050000000103
237,1.411600000000135
238,-0.3985499999998865
238,-0.37824999999998
238,-0.28339999999980137
238,-0.23049999999989268
238,-0.10184999999978572
238,0.09085000000004584
238,0.13105000000018663
238,0.23900000000003274
238,0.25565000000005966
238,0.5702000000001135
238,0.645200000000159
238,0.7684000000001561
238,0.786600000000135
238,0.8772000000001299
238,1.0098500000001422
238,1.0474000000001524
238,1.1511500000001433
238,1.320950000000039
239,-0.41724999999996726
239,-0.38065000000005966
239,-0.31150000000002365
239,-0.21810000000004948
239,-0.14789999999993597
239,-0.11695000000008804
239,-0.06715000000008331
239,0.06490000000007967
239,0.15354999999999563
239,0.2371499999999287
239,0.26890000000003056
239,0.28680000000008476
239,0.3432999999999993
239,0.39345000000002983
239,0.4318000000000666
239,0.5475000000001273
239,0.6086500000001251
239,0.6285500000001321
239,0.6308500000000095
239,0.7514499999999771
239,0.7772500000000946
239,0.8594499999999243
239,0.8909499999999753
239,1.1607000000001335
239,1.3894999999999982
239,1.4021999999999935
240,-0.4859999999998763
240,-0.39619999999990796
240,-0.2721999999998843
240,-0.13179999999988468
240,-0.06919999999990978
240,-0.050349999999980355
240,0.03985000000011496
240,0.1558500000001004
240,0.22595000000001164
240,0.30600000000004
240,0.33600000000001273
240,0.3849999999999909
240,0.43420000000014625
240,0.5831500000001597
240,0.8091000000001713
240,0.862250000000131
240,0.9322500000000673
240,0.973700000000008
240,1.0523000000000593
240,1.0884499999999662
240,1.1721000000000004
240,1.227350000000115
240,1.2546500000000833
240,1.2807500000001255
240,1.3911000000000513
240,1.398200000000088
241,-0.37979999999993197
241,-0.32815000000005057
241,-0.2988000000000284
241,-0.24649999999996908
241,-0.1624500000000353
241,-0.08150000000000546
241,0.021349999999983993
241,0.32519999999999527
241,0.3524499999998625
241,0.8832999999999629
241,0.935950000000048
241,0.9943499999999403
241,1.208699999999908
241,1.2635000000000218
241,1.2984500000000025
241,1.4212499999998727
242,-0.1675999999999931
242,-0.12664999999992688
242,0.02345000000013897
242,0.10215000000016516
242,0.3167500000001837
242,0.3666000000000622
242,0.4858000000001539
242,0.5206500000001597
242,0.6132000000000062
242,0.6373500000001968
242,0.723850000000084
242,0.7824500000001535
242,0.9238500000001295
242,0.9322000000001935
242,0.9414000000001579
242,0.9926000000000386
242,1.0627000000001772
242,1.1236499999999978
242,1.1791500000001633
242,1.2280500000001666
242,1.2348000000001775
242,1.3943000000001575
243,-0.4826499999999214
243,-0.3063499999998385
243,-0.24864999999977044
243,-0.201799999999821
243,-0.14794999999980973
243,-0.02804999999989377
243,0.10205000000019027
243,0.14285000000018044
243,0.1804500000000644
243,0.25240000000007967
243,0.28700000000026193
243,0.49460000000021864
243,0.5131000000001222
243,0.584250000000111
243,0.757200000000239
243,0.8490000000001601
243,0.8896000000002005
243,0.9282500000001619
243,1.023300000000063
243,1.0620000000001255
243,1.1040000000000418
243,1.1279500000000553
243,1.2098000000000866
244,-0.34654999999997926
244,-0.3030499999999847
244,-0.06320000000005166
244,0.04614999999989777
244,0.10050000000001091
244,0.11369999999988067
244,0.1452999999999065
244,0.1552999999998974
244,0.2825000000000273
244,0.39535000000000764
244,0.6940999999999349
244,0.7222500000000309
244,0.735300000000052
244,0.8428999999998723
244,0.846849999999904
244,0.935649999999896
244,1.212099999999964
244,1.236949999999979
244,1.305699999999888
244,1.3720499999999447
244,1.407699999999977
244,1.4447999999999865
244,1.4899000000000342
245,-0.48794999999995525
245,-0.37979999999993197
245,-0.21839999999997417
245,-0.12329999999997199
245,-0.05639999999993961
245,0.12105000000019572
245,0.19090000000005602
245,0.22790000000009059
245,0.29520000000002256
245,0.3167000000000826
245,0.33890000000019427
245,0.35560000000009495
245,0.5080500000001393
245,0.5526000000002114
245,0.5710000000001401
245,0.6154000000001361
245,0.7018500000001495
245,0.7852500000001328
245,0.8118500000000495
245,0.8744500000000244
245,0.9347500000001219
245,1.231800000000021
245,1.2743500000001404
245,1.3124500000001262
245,1.4191000000000713
245,1.467300000000023
246,-0.27340000000003783
246,-0.22264999999993051
246,-0.11390000000005784
246,-0.08240000000000691
246,-0.04989999999997963
246,0.09289999999987231
246,0.10840000000007421
246,0.14265000000000327
246,0.1741500000000542
246,0.23949999999990723
246,0.3160000000000309
246,0.6023999999999887
246,0.6713500000000749
246,0.9427000000000589
246,1.0084999999999127
246,1.125150000000076
246,1.1359999999999673
246,1.202350000000024
246,1.218349999999873
247,-0.34339999999997417
247,-0.26835000000005493
247,-0.26070000000004256
247,-0.13789999999994507
247,-0.11920000000009168
247,-0.054650000000037835
247,0.07915000000002692
247,0.16294999999990978
247,0.23434999999994943
247,0.2710500000000593
247,0.3046999999999116
247,0.7799999999999727
247,0.9507000000000971
247,0.9822500000000218
247,1.0646500000000287
247,1.109899999999925
247,1.3891499999999724
248,-0.4313999999999396
248,-0.3292500000000018
248,-0.27264999999988504
248,-0.23289999999997235
248,-0.06664999999998145
248,-0.03784999999993488
248,0.08875000000011823
248,0.18565000000012333
248,0.31405000000017935
248,0.5223000000000866
248,0.5694500000001881
248,0.6308000000001357
248,0.8019000000001597
248,0.9619000000000142
248,0.9981500000001233
248,1.077350000000024
248,1.1745500000001812
248,1.2261500000001888
248,1.2631000000001222
248,1.3606500000000779
249,-0.226949999999988
249,-0.20249999999987267
249,-0.09479999999985012
249,-0.05749999999989086
249,-0.04584999999997308
249,-0.006549999999833744
249,0.017150000000128784
249,0.04250000000001819
249,0.06080000000019936
249,0.13215000000013788
249,0.14955000000009022
249,0.1792000000000371
249,0.18135000000006585
249,0.25820000000021537
249,0.3129500000000007
249,0.6954500000001644
249,0.8354000000001633
249,0.9090500000002066
249,1.1846000000000458
249,1.2188500000002023
249,1.255500000000211
249,1.2785000000001219
249,1.383850000000166
249,1.4125000000001364
250,-0.4458999999999378
250,0.02990000000022519
250,0.05025000000023283
250,0.13800000000014734
250,0.20095000000014807
250,0.29440000000022337
250,0.3589500000002772
250,0.5286000000000968
250,0.5961500000000797
250,0.6693000000002485
250,0.7269500000002154
250,0.7763500000000931
250,0.7981500000000779
250,0.8684000000000651
250,0.9058000000002266
250,1.0030000000001564
250,1.054550000000063
250,1.174750000000131
250,1.1973500000001422
250,1.2762500000001182
250,1.2844000000002325
250,1.4174500000001444
250,1.4474000000002434
251,-0.47659999999996217
251,-0.3503000000000611
251,-0.2557999999999083
251,-0.21775000000002365
251,-0.16699999999991633
251,-0.1533999999999196
251,0.11625000000003638
251,0.24994999999989886
251,0.28365000000007967
251,0.3278499999998985
251,0.5027000000000044
251,0.5356500000000324
251,0.9718000000000302
251,0.9822999999998956
251,1.0406499999999141
251,1.116700000000037
251,1.1566000000000258
251,1.2115499999999884
251,1.398200000000088
252,-0.3838499999999385
252,-0.32179999999993925
252,-0.3170500000001084
252,-0.24090000000001055
252,-0.15679999999997563
252,0.003300000000081127
252,0.04614999999989777
252,0.09735000000000582
252,0.3008500000000822
252,0.5479000000000269
252,0.5893499999999676
252,0.6389999999998963
252,0.6654499999999643
252,0.7389000000000578
252,0.8242999999999938
252,0.829300000000103
252,0.9007999999998901
252,0.9605999999998858
252,1.0153499999998985
252,1.0583500000000186
252,1.062400000000025
252,1.0942000000000007
252,1.1349499999998898
252,1.1857500000000982
253,-0.44270000000005894
253,-0.3899499999999989
253,-0.36294999999995525
253,-0.28635000000008404
253,-0.2750499999999647
253,-0.2441999999998643
253,-0.2178999999998723
253,-0.18374999999991815
253,-0.1517999999998665
253,-0.1397500000000491
253,-0.13040000000000873
253,0.01485000000002401
253,0.21659999999997126
253,0.2782999999999447
253,0.4285500000000866
253,0.5233000000000629
253,0.5778000000000247
253,0.6904500000000553
253,0.7209000000000287
253,0.7927500000000691
253,0.8164500000000317
253,0.8383000000001175
253,0.9485999999999422
253,1.014850000000024
253,1.0455500000000484
253,1.1360500000000684
253,1.2787499999999454
253,1.3334999999999582
253,1.4154000000000906
253,1.4824499999999716
254,-0.4987999999998465
254,-0.47559999999975844
254,-0.40419999999994616
254,-0.3231999999998152
254,-0.2581999999997606
254,-0.1970499999997628
254,-0.15119999999978972
254,-0.1224499999998443
254,-0.00674999999978354
254,0.0006000000000767614
254,0.08275000000003274
254,0.08835000000021864
254,0.24035000000003492
254,0.26315000000022337
254,0.26965000000018335
254,0.2979000000000269
254,0.4496000000001459
254,0.5470500000001266
254,0.5915000000002237
254,0.6127000000001317
254,0.7261000000000877
254,0.784650000000056
254,0.8189500000000862
254,0.8700500000002194
254,0.9070500000002539
254,0.936200000000099
254,1.0064000000002125
254,1.0454000000001997
254,1.2303000000001703
254,1.2774500000000444
254,1.3584000000000742
254,1.3821500000001379
254,1.487100000000055
255,-0.48174999999991996
255,-0.4683500000001004
255,-0.34924999999998363
255,-0.3371500000000651
255,-0.29254999999989195
255,-0.16495000000008986
255,0.08214999999995598
255,0.12674999999990177
255,0.19115000000010696
255,0.2115000000001146
255,0.2219000000000051
255,0.29635000000007494
255,0.3651999999999589
255,0.4156000000000404
255,0.44974999999999454
255,0.5791999999999007
255,0.6954000000000633
255,0.7233499999999822
255,0.7349500000000262
255,0.834250000000111
255,0.8878999999999451
255,1.0664500000000317
255,1.1791000000000622
255,1.2195999999999003
255,1.2445499999998901
255,1.297399999999925
255,1.450399999999945
256,-0.49149999999985994
256,-0.36275000000000546
256,-0.28864999999996144
256,-0.24215000000003783
256,-0.19584999999983665
256,-0.042099999999891224
256,-0.03089999999997417
256,0.09200000000009823
256,0.20900000000006003
256,0.23440000000005057
256,0.28549999999995634
256,0.3531000000000404
256,0.4764500000001135
256,0.5393000000001393
256,0.5976000000000568
256,0.6889499999999771
256,0.725650000000087
256,0.7860500000001593
256,0.860300000000052
256,0.8840999999999894
256,0.9906000000000859
256,1.3142500000001291
256,1.3532000000000153
256,1.413300000000163
256,1.4402999999999793
257,-0.48939999999993233
257,-0.3889999999998963
257,-0.08769999999981337
257,-0.07619999999997162
257,-0.06134999999994761
257,0.04365000000007058
257,0.11050000000022919
257,0.2030000000002019
257,0.3332500000001346
257,0.3581500000000233
257,0.44325000000003456
257,0.47515000000021246
257,0.5486500000001797
257,0.6260000000002037
257,0.6989000000000942
257,0.7243500000001859
257,0.7773000000001957
257,0.8157000000001062
257,1.408100000000104
258,-0.39134999999987485
258,-0.319150000000036
258,-0.22264999999993051
258,-0.1552999999998974
258,-0.10249999999996362
258,-0.05410000000006221
258,0.0006000000000767614
258,0.08910000000014406
258,0.14155000000005202
258,0.20575000000008004
258,0.4389000000001033
258,0.4656999999999698
258,0.7150000000001455
258,0.8727499999999964
258,1.0006499999999505
258,1.1481000000001131
258,1.2552499999999327
258,1.2775500000000193
259,-0.48289999999997235
259,-0.37239999999997053
259,-0.27289999999993597
259,-0.22519999999985885
259,-0.12409999999999854
259,-0.06309999999984939
259,-0.03234999999995125
259,0.016700000000128057
259,0.04980000000000473
259,0.0787000000000262
259,0.09005000000001928
259,0.11615000000006148
259,0.270200000000159
259,0.3332500000001346
259,0.39305000000013024
259,0.43755000000010114
259,0.44270000000005894
259,0.4890500000001339
259,0.5507000000000062
259,0.5652000000000044
259,1.1448500000001332
259,1.2628000000001975
259,1.3722000000000207
259,1.4365999999999985
260,-0.4878999999998541
260,-0.41724999999996726
260,-0.2835499999998774
260,-0.244499999999789
260,-0.23374999999987267
260,-0.13199999999983447
260,0.002050000000053842
260,0.17865000000006148
260,0.3019000000001597
260,0.4209000000000742
260,0.4812500000000455
260,0.5617500000000746
260,0.6796500000000378
260,0.7946500000000469
260,0.8316500000000815
260,0.83725000000004
260,0.8705500000000939
260,1.0551000000000386
260,1.1182000000001153
260,1.2865500000000338
260,1.3677500000001146
260,1.3951500000000578
261,-0.4627499999999145
261,-0.42049999999994725
261,-0.3893999999997959
261,-0.3540499999999156
261,-0.27309999999988577
261,-0.1039499999999407
261,-0.011599999999816646
261,0.02955000000019936
261,0.06260000000020227
261,0.13075000000003456
261,0.19175000000018372
261,0.22040000000015425
261,0.23420000000010077
261,0.2545500000001084
261,0.29700000000002547
261,0.4010000000000673
261,0.4103500000001077
261,0.4718000000000302
261,0.5386000000000877
261,0.5829000000001088
261,0.834250000000111
261,0.8907500000000255
261,0.9210000000000491
261,1.0495500000001812
261,1.0925500000000739
261,1.2563000000000102
261,1.3216500000000906
261,1.3940500000001066
261,1.4416500000002088
261,1.48700000000008
262,-0.3204999999998108
262,-0.2945999999999458
262,-0.19419999999990978
262,-0.17289999999979955
262,-0.07184999999981301
262,-0.029349999999794818
262,0.006650000000036016
262,0.1799500000001899
262,0.2096000000001368
262,0.3117500000000746
262,0.4926500000001397
262,0.5386500000001888
262,0.5804000000000542
262,0.6357500000001437
262,0.7143000000000939
262,0.7982500000000528
262,0.868900000000167
262,0.8770000000001801
262,1.003950000000259
262,1.0454500000000735
262,1.0887000000002445
262,1.134000000000242
263,-0.4959999999998672
263,-0.48174999999991996
263,-0.3181999999999334
263,-0.24709999999981846
263,-0.20519999999987704
263,-0.19794999999976426
263,-0.11859999999978754
263,-0.08564999999975953
263,-0.012899999999945067
263,0.022100000000136788
263,0.12685000000010405
263,0.14835000000016407
263,0.2013000000001739
263,0.26700000000005275
263,0.42135000000007494
263,0.48195000000009713
263,0.6273500000002059
263,1.178050000000212
263,1.225800000000163
263,1.2476500000000215
263,1.3191000000001623
263,1.4405000000001564
263,1.4439000000002125
263,1.4734500000001844
263,1.4860000000001037
264,-0.24849999999992178
264,-0.039949999999862484
264,0.02605000000016844
264,0.04945000000020627
264,0.08140000000003056
264,0.19420000000013715
264,0.21800000000007458
264,0.26850000000013097
264,0.37570000000005166
264,0.39915000000019063
264,0.5121500000000196
264,0.5851500000001124
264,0.816150000000107
264,0.9792500000000928
264,1.0627000000001772
264,1.112100000000055
264,1.1413000000002285
264,1.209300000000212
264,1.2873500000000604
265,-0.42000000000007276
265,-0.35114999999996144
265,-0.28015000000004875
265,-0.21644999999989523
265,-0.05389999999988504
265,0.08625000000006366
265,0.14535000000000764
265,0.16170000000010987
265,0.22039999999992688
265,0.26035000000001673
265,0.31874999999990905
265,0.35619999999994434
265,0.4004500000000917
265,0.4308000000000902
265,0.4580000000000837
265,0.503400000000056
265,0.5623000000000502
265,0.7091000000000349
265,0.7216000000000804
265,0.8393499999999676
265,0.8896500000000742
265,0.9780000000000655
265,1.0798999999999523
265,1.1229000000000724
265,1.192700000000059
265,1.2107499999999618
265,1.2451000000000931
265,1.3860500000000684
265,1.4842499999999745
266,-0.49684999999976753
266,-0.45749999999975444
266,-0.43214999999986503
266,-0.4006499999998141
266,-0.3476499999999305
266,-0.30939999999986867
266,0.07805000000007567
266,0.3987000000001899
266,0.7122500000002674
266,0.7333000000000993
266,0.7460000000000946
266,0.8198000000002139
266,0.8544500000002699
266,0.9751500000002125
266,1.087650000000167
266,1.2169500000002245
266,1.414600000000064
267,-0.48900000000003274
267,-0.33474999999998545
267,-0.33044999999992797
267,-0.23910000000000764
267,-0.19329999999990832
267,-0.10449999999991633
267,-0.08324999999990723
267,-0.00945000000001528
267,0.016849999999976717
267,0.1218499999999949
267,0.15364999999997053
267,0.2034000000001015
267,0.26545000000010077
267,0.37924999999995634
267,0.40114999999991596
267,0.4638999999999669
267,0.4997000000000753
267,0.5480999999999767
267,0.8674000000000888
267,0.9952499999999418
267,1.1427499999999782
267,1.264599999999973
267,1.2739500000000135
267,1.3693000000000666
267,1.4547999999999774
268,-0.44965000000001965
268,-0.34075000000007094
268,-0.26269999999999527
268,-0.1683499999999185
268,-0.10930000000007567
268,0.0030500000000301952
268,0.04189999999994143
268,0.0989999999999327
268,0.13435000000004038
268,0.16744999999991705
268,0.23054999999999382
268,0.2563999999999851
268,0.2897499999999127
268,0.3088000000000193
268,0.3916500000000269
268,0.44659999999998945
268,0.5648000000001048
268,0.5792500000000018
268,0.6764499999999316
268,0.8537000000001171
268,0.9133999999999105
268,1.0433499999999185
268,1.107050000000072
268,1.1176499999999123
268,1.263550000000123
268,1.3050000000000637
268,1.4157999999999902
269,1.3248499999999694
270,-0.427599999999984
270,-0.1334999999999127
270,0.43925000000012915
270,0.9459500000000389
270,1.0013000000001284
270,1.158100000000104
271,-0.3862500000000182
271,-0.2058999999999287
271,-0.03414999999995416
271,0.06310000000007676
271,0.6209499999999935
271,0.6917499999999563
272,0.6031499999999141
272,0.8425999999999476
272,1.0142499999999472
272,1.1734000000001288
273,-0.44059999999990396
273,-0.13969999999994798
273,0.758049999999912
273,1.25649999999996
274,-0.08275000000003274
274,0.0442000000000462
274,0.13229999999998654
274,0.1723500000000513
274,0.6493000000000393
274,0.7978499999999258
275,-0.09140000000002146
275,0.16060000000015862
275,0.8479500000000826
276,-0.3456499999999778
276,0.487400000000207
276,1.281650000000127
277,-0.13724999999976717
277,0.40960000000018226
277,0.6556500000001506
277,1.010450000000219
278,-0.14269999999987704
278,-0.00479999999993197
278,0.43354999999996835
278,0.5962999999999283
278,1.210399999999936
279,-0.3320499999999811
279,0.3955000000000837
279,1.2422500000000127
279,1.2799999999999727
280,-0.18785000000002583
280,0.20509999999990214
280,0.23804999999993015
280,0.6330000000000382
280,0.6981499999999414
280,0.7335000000000491
280,0.8802499999999327
280,1.277900000000045
280,1.4802500000000691
281,-0.03890000000001237
281,0.7756500000000415
281,0.9864500000001044
282,-0.4981999999997697
282,-0.4678999999998723
282,0.21380000000021937
282,0.8749000000002525
283,-0.29379999999991924
283,0.6026500000000397
284,-0.36164999999982683
284,-0.18354999999996835
284,0.7380500000001575
284,1.223850000000084
285,-0.3364999999998872
285,-0.13184999999975844
285,0.044950000000199
285,0.10275000000024193
285,0.7919000000001688
286,0.028450000000020736
286,0.39875000000006366
286,0.5036000000000058
286,0.6786500000000615
286,1.0136500000000979
286,1.2556500000000597
287,0.17564999999990505
287,0.31529999999997926
287,1.2653999999999996
287,1.422550000000001
288,-0.4082499999999527
288,-0.27710000000001855
288,-0.2410499999998592
288,0.1625500000000102
288,0.29490000000009786
288,0.6343000000001666
288,0.8003499999999804
288,1.0014500000002045
288,1.0434500000001208
288,1.073849999999993
290,-0.48889999999983047
290,-0.31704999999988104
290,-0.026550000000042928
290,0.5484000000001288
291,-0.32064999999988686
291,-0.08545000000003711
291,-0.0004500000000007276
291,0.13380000000006476
291,0.8198999999999614
291,1.2910000000001673
291,1.4010500000001684
292,-0.3818999999998596
292,0.2874500000000353
292,0.345450000000028
292,0.45335000000022774
292,0.5356500000000324
293,-0.3025000000000091
293,-0.21434999999996762
293,0.17579999999998108
293,0.8654999999998836
293,1.0591999999999189
293,1.4352499999999964
294,-0.47814999999991414
294,0.26375000000030013
294,0.8896500000000742
294,1.456400000000258
295,-0.30064999999990505
295,0.2267500000000382
295,0.404700000000048
295,0.6624500000002627
295,0.9775500000000648
295,1.3086500000001706
295,1.3251500000001215
296,-0.2176999999999225
296,0.09695000000010623
296,0.37505000000010114
296,0.5537500000000364
296,0.7166500000000724
296,0.8110500000000229
296,1.2543500000001586
296,1.3134500000001026
296,1.3743500000000495
297,-0.1747499999999036
297,0.03449999999997999
297,0.22164999999995416
297,0.840349999999944
297,1.4054499999999734
297,1.4776500000000397
298,-0.4621999999999389
298,0.4647500000000946
298,0.49500000000011823
298,1.1159500000001117
299,-0.23374999999987267
299,0.033249999999952706
299,0.16295000000013715
300,-0.17180000000007567
300,0.37504999999987376
300,1.4346499999999196
301,-0.2737999999999374
301,0.22105000000010477
301,0.9909999999999854
302,-0.33055000000013024
302,-0.2638999999999214
302,-0.14350000000013097
302,0.17090000000007421
302,0.5133499999999458
302,0.6156499999999596
303,-0.18614999999999782
303,0.009500000000116415
303,0.2035000000000764
303,0.8665000000000873
303,0.9999500000001262
304,-0.2620999999999185
304,-0.236850000000004
304,-0.0989999999999327
304,0.04404999999997017
304,0.13859999999999673
304,0.2536999999999807
304,0.5588999999999942
304,0.5823499999999058
304,1.4516000000000986
305,-0.46135000000003856
305,-0.4121499999998832
305,0.6978500000000167
305,0.9141500000000633
305,1.0614500000001499
306,-0.21654999999987012
306,-0.15695000000005166
306,0.6913500000000568
306,1.356899999999996
307,-0.05234999999993306
307,0.009150000000090586
307,1.0108000000000175
307,1.0387000000000626
307,1.1656000000000404
308,-0.4709499999999025
308,-0.4151499999998123
308,-0.013399999999819556
308,0.09475000000020373
308,0.1195500000001175
308,0.21280000000001564
308,0.294950000000199
308,0.38850000000002183
309,-0.4337999999997919
309,0.30540000000019063
309,1.3056000000001404
310,-0.48159999999984393
310,0.03550000000018372
310,0.6217500000002474
310,0.7261500000001888
310,1.266550000000052
311,-0.18994999999995343
311,0.35215000000016516
311,0.5121500000000196
311,0.5458000000000993
311,0.7188000000001011
311,0.7914000000000669
311,1.3034000000000106
311,1.4632500000000164
312,-0.34159999999997126
312,0.08480000000008658
312,0.9484500000000935
312,1.223449999999957
313,0.15400000000022374
313,0.21695000000022446
313,0.511600000000044
313,0.5769000000000233
313,0.738550000000032
314,0.1256500000001779
314,0.5421500000002197
314,0.7621000000001459
314,1.071400000000267
315,-0.43259999999986576
315,-0.19549999999981083
315,-0.08419999999978245
315,0.17635000000018408
315,0.19770000000016807
315,1.2183500000001004
315,1.2759000000000924
315,1.464200000000119
316,-0.450649999999996
316,-0.139299999999821
316,0.12130000000001928
316,1.081000000000131
316,1.2103000000001884
317,-0.3324499999998807
317,0.19950000000017099
317,0.31150000000002365
317,0.4933000000000902
317,1.480350000000044
318,-0.39170000000012806
318,-0.37304999999992106
318,-0.33169999999995525
318,0.3623999999999796
318,0.3982499999999618
318,0.4593999999999596
318,0.5953500000000531
318,1.309150000000045
319,-0.41974999999979445
319,0.6465500000001612
320,-0.3984499999999116
320,0.05050000000005639
320,0.8370500000000902
320,1.2895000000000891
321,-0.488399999999956
321,0.27729999999996835
321,0.44164999999998145
321,0.7716000000000349
321,1.3149499999999534
322,-0.19524999999998727
322,1.385300000000143
322,1.422800000000052
323,-0.14384999999970205
323,0.012350000000196815
323,0.2194000000001779
323,0.9206000000001495
323,1.0766000000000986
323,1.392100000000255
324,-0.3961499999998068
324,-0.36714999999981046
324,-0.31694999999990614
324,-0.2935499999998683
324,0.4716000000000804
324,0.6855000000000473
324,1.057950000000119
324,1.236850000000004
324,1.4046000000000731
325,-0.28314999999975043
325,-0.07284999999978936
325,0.13455000000021755
325,0.485700000000179
325,0.9267500000000837
325,1.370600000000195
326,0.013200000000097134
326,0.4230000000002292
326,1.1721000000002277
327,-0.3987499999998363
327,-0.23544999999990068
327,0.06360000000017862
327,0.11000000000012733
327,0.22495000000026266
327,0.6502500000001419
327,1.0444500000000971
328,0.7145000000000437
328,1.0082000000002154
328,1.296750000000202
329,-0.4355999999997948
329,-0.07764999999972133
329,0.3526000000001659
329,0.4825500000001739
329,0.7651500000001761
330,-0.2714499999999589
330,0.10204999999996289
330,0.3061999999999898
330,1.0588999999999942
330,1.0979999999999563
330,1.4085999999999785
331,-0.0990999999999076
331,0.07165000000009059
331,0.1433999999999287
331,0.5779999999999745
331,0.6799000000000888
331,0.9370000000001255
332,-0.22195000000010623
332,-0.13145000000008622
332,-0.10594999999989341
332,1.1222499999998945
332,1.167950000000019
332,1.3008500000000822
333,-0.4388500000000022
333,-0.3081999999999425
333,0.4246499999999287
333,0.9114500000000589
333,1.4330500000000939
334,0.25375000000030923
334,1.3968500000003132
334,1.464350000000195
335,0.3866499999999178
335,0.42640000000005784
335,0.46270000000004075
335,1.3433500000001004
336,-0.4805999999998676
336,1.1249500000001262
336,1.174650000000156
336,1.3541999999999916
337,-0.42079999999987194
337,0.07220000000029358
337,0.12190000000009604
337,0.43265000000019427
337,0.5814500000001317
337,1.1516500000002452
338,-0.4035999999998694
338,-0.24844999999982065
338,0.029250000000047294
338,0.21385000000009313
338,0.9114500000000589
338,1.0224500000001626
338,1.2292500000000928
339,-0.21699999999987085
339,-0.07739999999989777
339,0.09435000000007676
339,0.29165000000011787
339,0.5153000000002521
339,0.7650500000002012
339,0.9461500000002161
339,1.1920500000001084
339,1.2378000000001066
340,-0.08199999999987995
341,-0.18755000000010114
341,-0.12865000000010696
341,0.19164999999998145
341,0.36685000000011314
341,0.7303999999999178
341,0.8211499999999887
342,0.0015000000000782165
342,0.023850000000038563
343,-0.3811999999998079
343,0.014950000000226282
343,0.21820000000002437
343,0.3034000000002379
343,0.3368000000000393
343,1.3104500000001735
344,0.1449000000000069
344,0.9397000000001299
345,-0.24614999999994325
345,-0.09464999999977408
345,-0.022099999999909414
345,0.4480500000001939
345,1.3042500000001382
345,1.4470000000001164
346,-0.1510000000000673
346,0.2869499999999334
346,0.8297999999999774
346,0.9977499999999964
347,-0.44929999999976644
347,-0.3394999999998163
347,-0.034099999999853026
347,0.6332000000002154
347,0.7608000000002448
347,1.1774000000000342
348,-0.4303499999998621
348,-0.006149999999706779
348,0.5011500000002798
348,0.8570500000002994
348,1.3251000000002477
349,0.8567500000001473
349,1.1034000000001924
349,1.4357000000002245
350,-0.04969999999980246
350,0.48965000000021064
350,1.1130000000000564
350,1.4331500000000688
350,1.4947000000001935
351,-0.4184499999998934
351,0.5407500000001164
351,0.7834000000000287
351,0.9640500000000429
351,1.4994500000000244
352,-0.26205000000004475
352,0.085550000000012
352,1.0465500000000247
354,-0.44414999999980864
354,-0.24779999999987012
354,0.6212500000001455
354,0.8601000000001022
354,1.1869000000001506
354,1.3845500000002176
355,-0.07629999999971915
355,-0.005549999999857391
355,0.024350000000140426
355,0.15830000000005384
355,1.0850000000000364
356,-0.4539999999997235
356,-0.4503999999997177
356,-0.27779999999984284
356,-0.2480000000000473
356,-0.15224999999963984
356,0.6644500000002154
356,1.0887500000003456
356,1.2046500000001288
357,-0.4364999999997963
357,-0.37235000000009677
357,-0.21880000000010114
357,0.32589999999981956
357,0.4596999999998843
357,0.5273999999999432
357,0.7303499999998166
357,0.7986500000001797
358,0.4295000000001892
358,0.7521500000002561
358,0.971849999999904
359,0.40819999999985157
359,0.6297500000000582
360,0.21790000000009968
360,0.3006999999997788
360,0.452350000000024
360,0.7662999999997737
360,0.9624499999999898
360,1.4374499999998989
361,-0.3283000000001266
361,-0.1538500000001477
361,0.09519999999974971
361,0.20159999999987122
361,0.35950000000002547
361,0.7762499999998909
361,0.8145500000000538
361,1.0434000000000196
361,1.1724500000000262
361,1.4358999999999469
362,0.02804999999989377
362,0.5860999999999876
362,0.8721999999997934
363,-0.18614999999999782
363,-0.1491000000000895
363,0.7937999999999192
363,1.3914500000000771
363,1.4748500000000604
364,-0.4357499999996435
364,-0.1619999999998072
364,-0.13479999999981374
364,0.7526000000002568
364,0.8457499999999527
364,1.1858500000003005
364,1.2999500000000808
365,0.24715000000014697
365,0.8228000000003703
365,0.9649500000000444
365,1.3117999999999483
366,-0.4760000000001128
366,-0.2869999999998072
366,-0.21679999999969368
366,-0.08789999999999054
366,0.641950000000179
366,0.7101999999999862
366,1.3141500000001543
367,-0.17689999999993233
367,0.1613999999999578
367,0.2693500000000313
368,-0.48434999999972206
368,-0.3920999999995729
368,0.12815000000045984
368,0.3927000000003318
368,0.4842500000004293
368,0.6874500000003536
368,0.7711500000000342
368,1.0759500000003754
369,0.2579499999997097
369,0.9070999999999003
369,0.958849999999984
369,1.058549999999741
370,-0.17974999999978536
370,0.9247000000000298
371,-0.3269000000000233
371,-0.25824999999986176
371,-0.2308499999999185
371,0.8910499999997228
371,1.042950000000019
371,1.2126499999999396
372,-0.4921499999995831
372,0.4089500000004591
372,0.5549500000001899
372,0.9853500000003805
373,-0.4068499999998494
373,0.4713000000001557
373,0.9672500000001492
373,1.3141500000001543
374,-0.484599999999773
374,-0.15610000000015134
374,0.640400000000227
374,0.7621500000000196
374,0.8302499999999782
374,1.2181000000000495
375,-0.1948000000002139
375,-0.10834999999997308
375,0.33064999999987776
375,0.40819999999985157
375,0.49634999999989304
375,0.5454500000000735
375,0.8535499999998137
375,1.1846000000000458
375,1.255200000000059
375,1.429700000000139
375,1.4868999999998778
376,-0.394249999999829
376,-0.21039999999948122
376,-0.14309999999977663
376,0.38215000000036525
376,0.6284500000001572
376,0.7869000000005144
376,0.9087000000004082
376,1.4523500000004788
376,1.4684000000002015
377,-0.40889999999990323
377,-0.20614999999997963
377,1.0197000000002845
377,1.2465499999998428
377,1.409950000000208
378,0.19849999999996726
378,0.4209000000000742
379,-0.38380000000006476
379,1.3814000000002125
380,-0.24899999999979627
380,0.10654999999997017
380,0.873700000000099
380,1.2422999999998865
380,1.3546500000002197
381,-0.40219999999999345
381,-0.3007999999999811
381,0.1279500000000553
381,0.26545000000032815
381,0.6585000000000036
381,0.865650000000187
382,-0.07744999999977153
382,0.9496000000003733
382,1.1046500000002197
382,1.4986500000004526
383,-0.2982999999999265
383,0.14800000000013824
383,0.7625499999999192
383,1.4168500000000677
383,1.452600000000075
384,0.83075000000008
384,1.0080000000002656
384,1.4084000000002561
385,0.0078000000003157766
385,0.08805000000029395
385,0.13160000000016225
386,-0.16089999999985594
386,-0.1542500000000473
386,-0.0316000000002532
386,0.06385000000000218
386,0.13220000000001164
386,1.3922499999998763
387,0.38799999999991996
387,0.7451500000001943
387,1.4344999999998436
388,-0.4908500000001368
388,-0.3106999999999971
388,-0.1368999999999687
388,-0.06329999999979918
388,0.5056500000000597
388,0.8121500000002015
388,0.9675999999999476
388,1.346900000000005
389,-0.13580000000001746
389,-0.0421000000001186
389,0.1516999999998916
389,0.9990499999998974
389,1.368800000000192
389,1.4527499999999236
390,-0.29129999999986467
390,1.065650000000005
391,0.7075000000004366
391,0.9910500000000866
392,0.8218999999999141
392,1.0365999999999076
393,1.279449999999997
394,-0.46050000000013824
394,-0.11850000000004002
394,-0.07025000000021464
394,0.6781000000000859
395,0.09695000000010623
395,1.4512500000000728
396,0.38675000000012005
396,0.588050000000294
396,0.9213500000000749
396,0.9480499999999665
396,0.9605000000001382
397,-0.32079999999950815
397,0.0021500000002561137
397,0.37050000000044747
397,0.5627500000000509
397,1.2952000000004773
398,-0.40889999999990323
398,-0.22399999999970532
398,0.6180000000003929
398,0.9267500000000837
398,1.1515000000003965
399,-0.18229999999994106
399,0.15124999999989086
399,0.38239999999996144
399,0.676050000000032
399,1.3186500000001615
399,1.368249999999989
400,-0.4043499999997948
400,-0.12075000000004366
400,0.40200000000004366
400,0.457850000000235
400,0.5584000000003471
400,0.7663500000003296
401,0.3425500000003012
401,0.6692000000002736
401,0.768800000000283
401,1.1173500000004424
402,-0.18375000000014552
402,0.12030000000004293
403,-0.33435000000008586
403,0.1281500000000051
403,0.5738000000001193
403,0.9512500000000728
404,0.05265000000008513
404,0.7870499999999083
404,0.960700000000088
404,1.0731500000001688
