,trial_index,interconnectivity_strength
0,1,0.0
1,2,0.0
2,3,0.0
3,4,0.0
4,5,0.0
5,6,0.0
6,7,0.0
7,8,0.0
8,9,0.0
9,10,0.0
10,11,0.0
11,12,0.0
12,13,0.0
13,14,0.0
14,15,0.0
15,16,0.0
16,17,0.0
17,18,0.0
18,19,0.0
19,20,0.0
20,21,0.0
21,22,0.0
22,23,0.0
23,24,0.0
24,25,0.0
25,26,0.0
26,27,0.0
27,28,0.0
28,29,0.0
29,30,0.0
30,31,0.0
31,32,0.0
32,33,0.0
33,34,0.0
34,35,0.0
35,36,0.0
36,37,0.0
37,38,0.0
38,39,0.0
39,40,0.0
40,41,0.0
41,42,0.0
42,43,0.0
43,44,0.0
44,45,0.0
45,46,0.0
46,47,0.0
47,48,0.0
48,49,0.0
49,50,0.0
50,51,0.0
51,52,0.0
52,53,0.0
53,54,0.0
54,55,0.0
55,56,0.0
56,57,0.0
57,58,0.0
58,59,0.0
59,60,1.0
60,61,1.0
61,62,1.0
62,63,1.0
63,64,1.0
64,65,1.0
65,66,1.0
66,67,1.0
67,68,1.0
68,69,1.0
69,70,1.0
70,71,1.0
71,72,1.0
72,73,1.0
73,74,1.0
74,75,1.0
75,76,1.0
76,77,1.0
77,78,1.0
78,79,1.0
79,80,1.0
80,81,0.0
81,82,138.88977834939695
82,83,266.3348325316767
83,84,311.00181159420185
84,85,155.16767509162344
85,86,290.54360604319425
86,87,148.05975933472283
87,88,149.90288510285333
88,89,49.5035748378334
89,90,50.94697704410584
90,91,47.00029897817402
91,92,50.14698192297673
92,93,52.028107725716865
93,94,105.23676987985286
94,95,51.51732648279325
95,96,53.45609055722218
96,97,52.433635034055904
97,98,52.3003024590504
98,99,49.00684587509015
99,100,50.679775577114974
100,101,105.20967391365767
101,102,90.85355971297011
102,103,0.0
103,104,0.0
104,105,0.0
105,106,0.0
106,107,0.0
107,108,0.0
108,109,1.0
109,110,1.0
110,111,1.0
111,112,1.0
112,113,1.0
113,114,1.0
114,115,1.0
115,116,1.0
116,117,1.0
117,118,1.0
118,119,1.0
119,120,1.0
120,121,1.0
121,122,1.0
122,123,301.2090305628542
123,124,264.0720125482627
124,125,265.50047990171805
125,126,283.8082131139013
126,127,183.71830563645577
127,128,183.79522856439516
128,129,181.76959150397408
129,130,255.84673152020773
130,131,335.0509031198719
131,132,212.1254595588217
132,133,130.17268880060354
133,134,112.87521498348971
134,135,104.81447910421679
135,136,67.58783177330473
136,137,63.25393846523052
137,138,57.22230525001355
138,139,57.17772182411599
139,140,57.26009253948211
140,141,56.19759762646758
141,142,57.53711598361583
142,143,57.617349092443824
143,144,1.0
144,145,1.0
145,146,1.0
146,147,1.0
147,148,0.0
148,149,0.0
149,150,0.0
150,151,0.0
151,152,0.0
152,153,0.0
153,154,0.0
154,155,1.0
155,156,1.0
156,157,1.0
157,158,1.0
158,159,1.0
159,160,1.0
160,161,37.61805806218746
161,162,40.31214337524729
162,163,37.37518175208983
163,164,37.82747608631472
164,165,43.87128789887778
165,166,44.58815179255934
166,167,48.02960859107726
167,168,35.25750266508558
168,169,39.15995735858199
169,170,42.370720284237755
170,171,48.82520151133552
171,172,48.31882311851038
172,173,46.08668082046063
173,174,48.28667942357354
174,175,42.907603495066496
175,176,52.54996417591496
176,177,56.436184891341874
177,178,51.64386015955427
178,179,73.07666077735006
179,180,68.80682601012398
180,181,46.216929371740754
181,182,1.0
182,183,1.0
183,184,1.0
184,185,1.0
185,186,1.0
186,187,1.0
187,188,1.0
188,189,1.0
189,190,1.0
190,191,1.0
191,192,1.0
192,193,1.0
193,194,1.0
194,195,1.0
195,196,1.0
196,197,1.0
197,198,1.0
198,199,1.0
199,200,1.0
200,201,1.0
201,202,0.0
202,203,0.0
203,204,0.0
204,205,0.0
205,206,0.0
206,207,0.0
207,208,0.0
208,209,25.65035446041057
209,210,26.63850181080669
210,211,26.911594847707786
211,212,29.030706115582266
212,213,30.622350217511908
213,214,57.31181285854351
214,215,56.02344858113797
215,216,45.26510098000053
216,217,51.19744734904828
217,218,44.4476595383063
218,219,40.20172360789797
219,220,39.47189905082937
220,221,28.795569625648454
221,222,20.253423294912103
222,223,18.575364080001595
223,224,21.346851149703618
224,225,19.565691821919177
225,226,18.132690481334286
226,227,7.401427194649315
227,228,13.2818727301436
228,229,13.293023116617846
229,230,13.97326901369904
230,231,12.928591286665407
231,232,11.435708595442652
232,233,10.772746823069365
233,234,10.183932131544193
234,235,6.1831971206650005
235,236,6.617387226157878
236,237,6.552233937053008
237,238,6.85260702000605
238,239,6.53620996547951
239,240,5.363392114634149
240,241,5.40754750415986
241,242,6.2051879759997615
242,243,12.42395359819473
243,244,10.134792584934024
244,245,8.087773905361717
245,246,11.886903577025263
246,247,11.866834360961581
247,248,13.422919092297711
248,249,8.602848076710814
249,250,14.299609615737536
250,251,16.338269347672835
251,252,13.417883977361512
252,253,19.0396656239318
253,254,11.93823063749004
254,255,10.610185785443395
255,256,10.05182699960585
256,257,14.918502166032699
257,258,16.24773476951881
258,259,12.288107211218007
259,260,18.42163649275989
260,261,15.46452711045531
261,262,19.365037235351952
262,263,15.352283314284417
263,264,11.382785808807373
264,265,9.94839002342713
265,266,5.764356689504612
266,267,10.099533189619299
267,268,10.454207088294893
268,269,10.726096415197233
269,270,11.388942178169634
270,271,10.473169512966432
271,272,10.601442994936747
272,273,11.392220466751612
273,274,9.676772100107817
274,275,6.8775354120188315
275,276,9.545456184517565
276,277,6.343365706696269
277,278,7.905252524409273
278,279,5.253153808038638
279,280,7.060282755135055
280,281,4.48636860746435
281,282,6.6925452104349334
282,283,8.133011569317441
283,284,8.169730370945604
284,285,4.859343254535819
285,286,5.257269396650589
286,287,7.217291929545494
287,288,6.620931022216552
288,289,7.327406473859762
289,290,6.39548290141193
290,291,5.529803076396345
291,292,6.21004576716725
292,293,5.43953510414225
293,294,4.418721410742277
294,295,7.231168222943387
295,296,15.090932732316078
296,297,1.0
297,298,1.0
298,299,1.0
299,300,1.0
300,301,1.0
301,302,1.0
302,303,1.0
303,304,1.0
304,305,1.0
305,306,1.0
306,307,1.0
307,308,1.0
308,309,1.0
309,310,5.407727347041477
310,311,5.957876771064624
311,312,7.395580492843352
312,313,7.152526473800775
313,314,8.024330726299606
314,315,9.368593714130082
315,316,10.20003323206401
316,317,10.587552929899452
317,318,11.418714956570247
318,319,11.230080903388673
319,320,9.717450895525563
320,321,10.313162522146438
321,322,12.311148334264029
322,323,12.709437847616506
323,324,17.34899681895891
324,325,15.960242201820577
325,326,16.568982952800088
326,327,15.176391526697952
327,328,11.860956368793794
328,329,10.02563729902486
329,330,10.243786828800648
330,331,83.15489866347886
331,332,74.47204597030246
332,333,73.62514054886903
333,334,67.97816419081768
334,335,72.47794630668815
335,336,73.55699191116258
336,337,65.48992311606084
337,338,63.16681691833791
338,339,63.37269878926232
339,340,65.85015003750955
340,341,79.33351027688182
341,342,82.34537618570207
342,343,67.72742162187969
343,344,62.45381343303826
344,345,55.909188378731024
345,346,58.15842865885262
346,347,50.992457435415716
347,348,55.231503606111886
348,349,0.0
349,350,0.0
350,351,0.0
351,352,1.0
352,353,1.0
353,354,1.0
354,355,1.0
355,356,1.0
356,357,1.0
357,358,1.0
358,359,1.0
359,360,1.0
360,361,1.0
361,362,1.0
362,363,1.0
363,364,1.0
364,365,5.511935014852641
365,366,14.218072123976016
366,367,7.153873531575341
367,368,7.971385469294897
368,369,7.278779081828838
369,370,7.038486193293919
370,371,5.62822770380324
371,372,4.759911155587686
372,373,5.288115652398139
373,374,5.870601822745688
374,375,6.238302461736658
375,376,5.802820532841933
376,377,5.686113800633604
377,378,5.9179702364772275
378,379,6.198793973823968
379,380,7.032900980702245
380,381,9.26844756739536
381,382,8.870280544212918
382,383,8.895383219576301
383,384,10.066935519793917
384,385,10.115994745243375
385,386,14.827915672580994
386,387,15.540249055742535
387,388,0.0
388,389,0.0
389,390,0.0
390,391,0.0
391,392,0.0
392,393,0.0
393,394,0.0
394,395,0.0
395,396,0.0
396,397,0.0
397,398,0.0
398,399,0.0
399,400,0.0
400,401,0.0
401,402,0.0
402,403,0.0
403,404,0.0
404,405,0.0
405,406,0.0
406,407,0.0
407,408,0.0
408,409,0.0
409,410,0.0
410,411,0.0
411,412,0.0
412,413,0.0
413,414,0.0
414,415,0.0
415,416,0.0
416,417,0.0
417,418,0.0
418,419,0.0
