,trial_index,interconnectivity_strength
0,1,10.536997741372387
1,2,9.861004696141373
2,3,9.66548229132183
3,4,9.640078766715506
4,5,9.830657627897716
5,6,9.862918986215162
6,7,9.465097078611885
7,8,9.27446613857613
8,9,8.927432647376863
9,10,8.726211107862866
10,11,8.895447829215348
11,12,9.619719927013373
12,13,9.161215871321616
13,14,9.012400555815502
14,15,10.20290806363368
15,16,10.167826357870299
16,17,10.752719337684876
17,18,9.241214119810795
18,19,9.601972852402568
19,20,11.977245355063106
20,21,11.584600123747855
21,22,8.29242797881903
22,23,8.762229607913886
23,24,10.331540213357615
24,25,7.1478613831042646
25,26,6.48624293488166
26,27,4.965703519169972
27,28,4.543620527460902
28,29,4.792835188412514
29,30,6.585745457073242
30,31,5.6163301569527135
31,32,6.667811965548536
32,33,4.004074110732833
33,34,7.308166834824485
34,35,4.747247877586336
35,36,5.4744219508114975
36,37,4.250247295605879
37,38,4.544116945532221
38,39,4.8753117849559855
39,40,5.0044432501944
40,41,6.104256337173695
41,42,5.948665862280691
42,43,9.816706652656533
43,44,10.217503808412856
44,45,7.918891105845784
45,46,6.809673994020819
46,47,7.393261577517206
47,48,9.772148461566516
48,49,9.914520856932173
49,50,7.299242337928617
50,51,9.473961237740694
51,52,8.2082228070577
52,53,8.600824106484087
53,54,9.471664589802764
54,55,11.08051736240139
55,56,14.794909517045836
56,57,13.478526661460542
57,58,19.642811744401264
58,59,15.160222952776259
59,60,18.36223141656764
60,61,18.68637309511279
61,62,19.476753707362388
62,63,11.978205663305907
63,64,15.295270664776098
64,65,12.124303025087322
65,66,17.11219313238683
66,67,16.45475449542418
67,68,21.593162261349672
68,69,22.40768312789296
69,70,24.43137378380911
70,71,30.051289537713124
71,72,35.867874118315754
72,73,33.863881447539626
73,74,34.73446929492353
74,75,35.379847170619755
75,76,26.431248789215612
76,77,54.84127071487898
77,78,62.58555971838263
78,79,25.805649169035878
79,80,0.0
80,81,0.0
81,82,0.0
82,83,0.0
83,84,0.0
84,85,0.0
85,86,0.0
86,87,0.0
87,88,0.0
88,89,0.0
89,90,0.0
90,91,0.0
91,92,0.0
92,93,0.0
93,94,0.0
94,95,0.0
95,96,0.0
96,97,0.0
97,98,0.0
98,99,0.0
99,100,0.0
100,101,0.0
101,102,0.0
102,103,0.0
103,104,0.0
104,105,0.0
105,106,0.0
106,107,0.0
107,108,0.0
108,109,0.0
109,110,0.0
110,111,0.0
111,112,0.0
112,113,0.0
113,114,0.0
114,115,0.0
115,116,0.0
116,117,0.0
117,118,0.0
118,119,0.0
119,120,0.0
120,121,0.0
121,122,0.0
122,123,0.0
123,124,0.0
124,125,0.0
125,126,0.0
126,127,0.0
127,128,0.0
128,129,0.0
129,130,0.0
130,131,0.0
131,132,0.0
132,133,0.0
133,134,0.0
134,135,0.0
135,136,0.0
136,137,0.0
137,138,0.0
138,139,0.0
139,140,0.0
140,141,1.0
141,142,1.0
142,143,1.0
143,144,1.0
144,145,1.0
145,146,1.0
146,147,1.0
147,148,1.0
148,149,1.0
149,150,1.0
150,151,1.0
151,152,1.0
152,153,1.0
153,154,1.0
154,155,1.0
155,156,1.0
156,157,77.6616800374136
157,158,79.61656662665142
158,159,67.95653573836455
159,160,74.44806593182818
160,161,84.3143006775359
161,162,83.97828313756148
162,163,75.59335424472201
163,164,93.93106269592548
164,165,90.03451218077025
165,166,86.99140044570237
166,167,85.8707204892342
167,168,102.73002412428826
168,169,111.43752414843073
169,170,127.54765878166619
170,171,122.75002865855066
171,172,124.09527892712076
172,173,167.86670783112712
173,174,119.72621985325702
174,175,140.930604541547
175,176,145.5797617920413
176,177,146.38893605870157
177,178,1.0
178,179,1.0
179,180,1.0
180,181,1.0
181,182,1.0
182,183,1.0
183,184,1.0
184,185,1.0
185,186,1.0
186,187,1.0
187,188,1.0
188,189,187.7500078404913
189,190,117.55000131828804
190,191,109.91814832451975
191,192,143.75000149434837
192,193,95.36538557500366
193,194,94.90423332455775
194,195,130.7605418952776
195,196,155.0763482205342
196,197,155.0763482205342
197,198,147.9248615483672
198,199,143.0150784969243
199,200,144.66719840054424
200,201,151.7227293010423
201,202,148.89380943879098
202,203,148.2538114876582
203,204,133.87228420434647
204,205,128.35849779651394
205,206,189.85257339942774
206,207,199.16666838023224
207,208,199.53920203785523
208,209,121.63261647001391
209,210,1.0
210,211,1.0
211,212,1.0
212,213,1.0
213,214,1.0
214,215,1.0
215,216,1.0
216,217,1.0
217,218,1.0
218,219,93.48509223509257
219,220,87.48249762186582
220,221,81.72811565018651
221,222,73.39526728415642
222,223,68.9657066966762
223,224,1.0
224,225,1.0
225,226,57.80107219019014
226,227,1.0
227,228,55.733473040821316
228,229,60.145684540597856
229,230,94.02964004602094
230,231,1.0
231,232,57.90015449443595
232,233,78.85158082177949
233,234,1.0
234,235,1.0
235,236,1.0
236,237,1.0
237,238,1.0
238,239,105.11218757632419
239,240,106.6697496884093
240,241,117.98090083102808
241,242,128.1634018236794
242,243,130.76099894341274
243,244,133.72235444269853
244,245,123.36746773684689
245,246,123.39226834132302
246,247,153.34162659559985
247,248,129.69399249061368
248,249,128.4601114378578
249,250,127.09816627571257
250,251,121.76425553116736
251,252,253.67328641175132
252,253,113.03986194584724
253,254,101.90732231092835
254,255,100.23257168736194
255,256,100.72552857227979
256,257,96.60152065718708
257,258,64.75936513164808
258,259,65.29691748501159
259,260,86.13967527417067
260,261,74.04700583350643
261,262,73.28138218562499
262,263,72.32840873342245
263,264,72.29394565256109
264,265,61.038240342999295
265,266,50.19433609094137
266,267,51.12509386180256
267,268,49.32255819963788
268,269,48.20749797344533
269,270,44.5393871290358
270,271,42.100765737956884
271,272,37.484657531797495
272,273,31.642135008176382
273,274,1.0
274,275,1.0
275,276,1.0
276,277,1.0
277,278,1.0
278,279,0.0
279,280,0.0
280,281,0.0
281,282,0.0
282,283,0.0
283,284,0.0
284,285,0.0
285,286,0.0
286,287,0.0
287,288,0.0
288,289,0.0
289,290,0.0
290,291,0.0
291,292,0.0
292,293,0.0
293,294,0.0
294,295,0.0
295,296,0.0
296,297,0.0
297,298,0.0
298,299,0.0
299,300,0.0
300,301,0.0
301,302,0.0
302,303,0.0
303,304,0.0
304,305,0.0
305,306,0.0
306,307,0.0
307,308,0.0
308,309,0.0
309,310,0.0
310,311,0.0
311,312,0.0
312,313,0.0
313,314,0.0
314,315,0.0
315,316,0.0
316,317,0.0
317,318,0.0
318,319,0.0
319,320,0.0
320,321,0.0
321,322,0.0
322,323,0.0
323,324,0.0
324,325,0.0
325,326,0.0
326,327,0.0
327,328,0.0
328,329,0.0
329,330,0.0
330,331,0.0
331,332,0.0
332,333,0.0
333,334,0.0
334,335,0.0
335,336,0.0
336,337,0.0
337,338,0.0
338,339,0.0
339,340,0.0
340,341,0.0
341,342,0.0
342,343,0.0
343,344,0.0
344,345,0.0
345,346,0.0
346,347,0.0
347,348,0.0
348,349,0.0
349,350,0.0
350,351,0.0
351,352,0.0
352,353,0.0
353,354,0.0
354,355,0.0
355,356,0.0
356,357,0.0
357,358,0.0
358,359,0.0
359,360,0.0
360,361,0.0
361,362,0.0
362,363,0.0
363,364,0.0
364,365,0.0
365,366,0.0
366,367,0.0
367,368,0.0
368,369,0.0
369,370,0.0
370,371,0.0
371,372,0.0
372,373,0.0
373,374,0.0
374,375,0.0
375,376,0.0
376,377,0.0
377,378,0.0
378,379,0.0
379,380,0.0
380,381,0.0
381,382,0.0
382,383,0.0
383,384,0.0
384,385,0.0
385,386,0.0
386,387,0.0
387,388,0.0
388,389,0.0
389,390,0.0
390,391,0.0
391,392,0.0
392,393,0.0
393,394,0.0
394,395,0.0
395,396,0.0
396,397,0.0
397,398,0.0
398,399,0.0
399,400,0.0
400,401,0.0
401,402,0.0
402,403,0.0
403,404,0.0
404,405,0.0
