,trial_index,interconnectivity_strength
0,1,1.0
1,2,1.0
2,3,1.0
3,4,1.0
4,5,1.0
5,6,1.0
6,7,1.0
7,8,1.0
8,9,1.0
9,10,1.0
10,11,1.0
11,12,1.0
12,13,1.0
13,14,1.0
14,15,1.0
15,16,1.0
16,17,1.0
17,18,1.0
18,19,1.0
19,20,1.0
20,21,0.0
21,22,0.0
22,23,0.0
23,24,0.0
24,25,0.0
25,26,0.0
26,27,0.0
27,28,0.0
28,29,0.0
29,30,0.0
30,31,0.0
31,32,0.0
32,33,0.0
33,34,0.0
34,35,0.0
35,36,0.0
36,37,0.0
37,38,0.0
38,39,0.0
39,40,0.0
40,41,0.0
41,42,0.0
42,43,0.0
43,44,0.0
44,45,0.0
45,46,0.0
46,47,0.0
47,48,0.0
48,49,0.0
49,50,0.0
50,51,0.0
51,52,0.0
52,53,0.0
53,54,0.0
54,55,0.0
55,56,0.0
56,57,0.0
57,58,0.0
58,59,0.0
59,60,0.0
60,61,0.0
61,62,0.0
62,63,0.0
63,64,0.0
64,65,0.0
65,66,1.0
66,67,1.0
67,68,1.0
68,69,1.0
69,70,1.0
70,71,1.0
71,72,1.0
72,73,1.0
73,74,1.0
74,75,1.0
75,76,1.0
76,77,1.0
77,78,1.0
78,79,1.0
79,80,1.0
80,81,1.0
81,82,1.0
82,83,1.0
83,84,1.0
84,85,1.0
85,86,1.0
86,87,1.0
87,88,1.0
88,89,1.0
89,90,1.0
90,91,1.0
91,92,1.0
92,93,1.0
93,94,1.0
94,95,1.0
95,96,1.0
96,97,1.0
97,98,1.0
98,99,1.0
99,100,1.0
100,101,1.0
101,102,1.0
102,103,1.0
103,104,1.0
104,105,1.0
105,106,1.0
106,107,1.0
107,108,1.0
108,109,1.0
109,110,1.0
110,111,1.0
111,112,1.0
112,113,1.0
113,114,1.0
114,115,1.0
115,116,1.0
116,117,0.0
117,118,0.0
118,119,0.0
119,120,0.0
120,121,0.0
121,122,0.0
122,123,0.0
123,124,0.0
124,125,0.0
125,126,0.0
126,127,0.0
127,128,0.0
128,129,0.0
129,130,0.0
130,131,0.0
131,132,0.0
132,133,0.0
133,134,0.0
134,135,0.0
135,136,0.0
136,137,0.0
137,138,0.0
138,139,0.0
139,140,0.0
140,141,0.0
141,142,0.0
142,143,0.0
143,144,0.0
144,145,0.0
145,146,0.0
146,147,0.0
147,148,0.0
148,149,0.0
149,150,0.0
150,151,0.0
151,152,0.0
152,153,0.0
153,154,0.0
154,155,0.0
155,156,0.0
156,157,0.0
157,158,0.0
158,159,0.0
159,160,0.0
160,161,0.0
161,162,0.0
162,163,0.0
163,164,0.0
164,165,0.0
165,166,0.0
166,167,0.0
167,168,0.0
168,169,0.0
169,170,0.0
170,171,0.0
171,172,0.0
172,173,0.0
173,174,1.0
174,175,1.0
175,176,1.0
176,177,1.0
177,178,1.0
178,179,1.0
179,180,1.0
180,181,1.0
181,182,1.0
182,183,1.0
183,184,1.0
184,185,1.0
185,186,1.0
186,187,1.0
187,188,1.0
188,189,1.0
189,190,1.0
190,191,1.0
191,192,1.0
192,193,1.0
193,194,1.0
194,195,0.0
195,196,0.0
196,197,0.0
197,198,0.0
198,199,0.0
199,200,0.0
200,201,0.0
201,202,0.0
202,203,0.0
203,204,0.0
204,205,0.0
205,206,0.0
206,207,0.0
207,208,0.0
208,209,0.0
209,210,0.0
210,211,0.0
211,212,0.0
212,213,0.0
213,214,0.0
214,215,0.0
215,216,0.0
216,217,0.0
217,218,0.0
218,219,0.0
219,220,0.0
220,221,0.0
221,222,0.0
222,223,0.0
223,224,0.0
224,225,0.0
225,226,0.0
226,227,0.0
227,228,0.0
228,229,0.0
229,230,0.0
230,231,0.0
231,232,1.0
232,233,1.0
233,234,1.0
234,235,1.0
235,236,1.0
236,237,1.0
237,238,1.0
238,239,1.0
239,240,1.0
240,241,1.0
241,242,1.0
242,243,1.0
243,244,1.0
244,245,1.0
245,246,1.0
246,247,1.0
247,248,1.0
248,249,1.0
249,250,1.0
250,251,1.0
251,252,1.0
252,253,0.0
253,254,0.0
254,255,0.0
255,256,0.0
256,257,0.0
257,258,0.0
258,259,0.0
259,260,0.0
260,261,0.0
261,262,0.0
262,263,0.0
263,264,0.0
264,265,1.0
265,266,1.0
266,267,1.0
267,268,1.0
268,269,1.0
269,270,1.0
270,271,1.0
271,272,1.0
272,273,1.0
273,274,1.0
274,275,1.0
275,276,1.0
276,277,1.0
277,278,1.0
278,279,1.0
279,280,1.0
280,281,1.0
281,282,1.0
282,283,1.0
283,284,1.0
284,285,1.0
285,286,0.0
286,287,0.0
287,288,0.0
288,289,0.0
289,290,0.0
290,291,0.0
291,292,0.0
292,293,0.0
293,294,0.0
294,295,0.0
295,296,0.0
296,297,0.0
297,298,0.0
298,299,0.0
299,300,0.0
300,301,0.0
301,302,0.0
302,303,0.0
303,304,0.0
304,305,0.0
305,306,0.0
306,307,0.0
307,308,0.0
308,309,0.0
309,310,0.0
310,311,0.0
311,312,0.0
312,313,0.0
313,314,0.0
314,315,0.0
315,316,0.0
316,317,0.0
317,318,0.0
318,319,0.0
319,320,0.0
320,321,0.0
321,322,0.0
322,323,0.0
323,324,0.0
324,325,0.0
325,326,0.0
326,327,0.0
327,328,0.0
328,329,0.0
329,330,0.0
330,331,0.0
331,332,0.0
332,333,0.0
333,334,0.0
334,335,0.0
335,336,0.0
336,337,0.0
337,338,0.0
338,339,0.0
339,340,0.0
340,341,0.0
341,342,0.0
342,343,0.0
343,344,0.0
344,345,0.0
345,346,0.0
346,347,0.0
347,348,0.0
348,349,0.0
349,350,0.0
350,351,0.0
351,352,0.0
352,353,0.0
353,354,0.0
354,355,0.0
355,356,0.0
356,357,0.0
357,358,0.0
358,359,0.0
359,360,0.0
360,361,1.0
361,362,1.0
362,363,1.0
363,364,1.0
364,365,1.0
365,366,1.0
366,367,1.0
367,368,1.0
368,369,1.0
369,370,1.0
370,371,1.0
371,372,1.0
372,373,1.0
373,374,1.0
374,375,1.0
375,376,1.0
376,377,1.0
377,378,1.0
378,379,1.0
379,380,1.0
380,381,1.0
381,382,1.0
382,383,1.0
383,384,1.0
384,385,1.0
385,386,1.0
386,387,1.0
387,388,1.0
388,389,1.0
389,390,0.0
390,391,22.68167702877332
391,392,23.685216513505786
392,393,50.19772410674582
393,394,55.62228129970436
394,395,26.971145791862625
395,396,23.395379079642687
396,397,18.728921301897298
397,398,8.864836096813907
398,399,8.327787932292072
399,400,9.116418100862871
400,401,8.19374463793243
401,402,9.19635818849756
402,403,18.320692441448173
403,404,8.791504633961997
404,405,7.049334179450093
405,406,12.257846693344653
406,407,5.7931313796897586
407,408,5.9421681060927956
408,409,2.6591421386274248
409,410,3.3622747518962286
410,411,3.246296896263251
411,412,4.062120314683249
412,413,3.5140482182917094
413,414,3.551845678971607
414,415,3.55504779515246
415,416,8.098948838554216
416,417,4.234549413580729
417,418,10.619739382952083
418,419,10.213436843259394
419,420,9.553764459456922
420,421,14.923496861391865
421,422,14.687263715958968
422,423,14.094472584753817
423,424,13.542235782872579
424,425,13.269245845258455
425,426,10.409130295605646
426,427,10.873376349682
427,428,14.107262228067576
428,429,8.731829004331333
429,430,17.572327823739545
430,431,17.453030336341804
431,432,14.796547883297745
432,433,8.317073758144799
433,434,11.658071037755906
434,435,9.32196819956695
435,436,8.713503512865362
436,437,8.706119456180545
437,438,9.986381949710202
438,439,7.636731343823856
439,440,7.649058209810819
440,441,8.54443374563045
441,442,5.96933007118767
442,443,6.063281325790893
443,444,7.656417262629559
444,445,7.632125724180869
445,446,9.35171466979644
446,447,8.015391074592593
447,448,9.071152785438407
448,449,7.559531650471496
449,450,13.413194517929503
450,451,15.416673872084989
451,452,16.378840902462986
452,453,7.438841304382693
453,454,11.986468993505952
454,455,12.014815279828333
455,456,9.945270830142073
456,457,9.533337132311903
457,458,11.491483887659106
458,459,8.923904168094573
459,460,8.492776733868292
460,461,6.8930407165563405
461,462,8.119496906599498
462,463,7.070048354371385
463,464,5.57432079612512
464,465,8.098919473705529
465,466,6.983713977482554
466,467,6.909608443154777
467,468,9.661111170201993
468,469,8.638215716822456
469,470,8.417008350888116
470,471,14.085441074508104
471,472,14.585048829389644
472,473,21.97696439176786
473,474,21.10667153603848
474,475,21.47289651630417
475,476,21.99219270797891
476,477,21.493907505848615
477,478,10.465079188224756
478,479,10.794889475026116
479,480,31.803166389718804
480,481,29.6998150416756
481,482,29.05302174056528
482,483,29.056385079450386
483,484,30.234430732040213
484,485,28.126044976416193
485,486,28.0328449028095
486,487,27.59951023050168
487,488,25.842023462546766
488,489,24.85160642785061
489,490,34.04838668791612
490,491,0.0
491,492,0.0
