,trial_index,interconnectivity_strength
0,1,0.0
1,2,0.0
2,3,0.0
3,4,0.0
4,5,0.0
5,6,0.0
6,7,0.0
7,8,0.0
8,9,0.0
9,10,0.0
10,11,0.0
11,12,0.0
12,13,0.0
13,14,0.0
14,15,1.0
15,16,1.0
16,17,1.0
17,18,1.0
18,19,1.0
19,20,1.0
20,21,1.0
21,22,1.0
22,23,1.0
23,24,1.0
24,25,1.0
25,26,1.0
26,27,1.0
27,28,1.0
28,29,1.0
29,30,1.0
30,31,1.0
31,32,1.0
32,33,1.0
33,34,38.96270123046241
34,35,75.9115796814471
35,36,41.60157860143168
36,37,24.180824949673152
37,38,20.641365149184846
38,39,17.67170486079996
39,40,31.29706552569051
40,41,13.663184532547945
41,42,19.910162818168246
42,43,19.022623827736137
43,44,17.801379514283997
44,45,15.63198957032839
45,46,15.909640159640015
46,47,14.13627881436194
47,48,12.838396971502593
48,49,16.29092492169707
49,50,16.412474220718096
50,51,24.585979373774954
51,52,28.226016057322113
52,53,28.903531971274397
53,54,31.13891293891318
54,55,22.066692626203903
55,56,22.355581193321566
56,57,19.546023607452955
57,58,23.13574276769522
58,59,25.721084058844003
59,60,31.330196530491932
60,61,34.729207583971665
61,62,32.13315546282231
62,63,1.0
63,64,1.0
64,65,1.0
65,66,1.0
66,67,1.0
67,68,1.0
68,69,1.0
69,70,1.0
70,71,1.0
71,72,1.0
72,73,1.0
73,74,1.0
74,75,1.0
75,76,1.0
76,77,1.0
77,78,1.0
78,79,1.0
79,80,1.0
80,81,1.0
81,82,1.0
82,83,1.0
83,84,1.0
84,85,1.0
85,86,1.0
86,87,1.0
87,88,1.0
88,89,1.0
89,90,1.0
90,91,1.0
91,92,1.0
92,93,1.0
93,94,1.0
94,95,1.0
95,96,1.0
96,97,1.0
97,98,1.0
98,99,1.0
99,100,17.620455655591222
100,101,18.93094760497402
101,102,18.87745218985711
102,103,20.677749662424638
103,104,20.64706003277052
104,105,20.782609897364523
105,106,27.003097344981185
106,107,24.38655585868309
107,108,24.82941310495498
108,109,26.54375141884204
109,110,26.890625350218716
110,111,55.62500276060045
111,112,62.08333409797188
112,113,70.22656592916651
113,114,62.375000761118834
114,115,62.493058595032
115,116,64.91176552634009
116,117,65.33823610929892
117,118,529.7058888743913
118,119,589.7500066137591
119,120,577.1764945367445
120,121,0.0
121,122,0.0
122,123,0.0
123,124,0.0
124,125,0.0
125,126,0.0
126,127,0.0
127,128,0.0
128,129,0.0
129,130,0.0
130,131,0.0
131,132,0.0
132,133,0.0
133,134,0.0
134,135,0.0
135,136,0.0
136,137,0.0
137,138,1.0
138,139,1.0
139,140,1.0
140,141,1.0
141,142,1.0
142,143,1.0
143,144,1.0
144,145,1.0
145,146,1.0
146,147,1.0
147,148,1.0
148,149,1.0
149,150,1.0
150,151,1.0
151,152,1.0
152,153,1.0
153,154,1.0
154,155,1.0
155,156,1.0
156,157,1.0
157,158,1.0
158,159,21.155738556170903
159,160,20.788853980680187
160,161,21.770989748546707
161,162,20.10708804669171
162,163,14.920101010101089
163,164,15.888300785280501
164,165,15.440806946667587
165,166,15.397328940206714
166,167,15.791744114800071
167,168,13.404294293389299
168,169,12.697564235574948
169,170,13.475715353460643
170,171,10.830786742759198
171,172,8.773469262313148
172,173,9.08310294356797
173,174,8.255995096280342
174,175,8.016450778116123
175,176,7.580625341075517
176,177,14.755367075880221
177,178,15.272052826574031
178,179,14.051932990405712
179,180,8.660340803432494
180,181,17.65218403466313
181,182,18.31808757542922
182,183,17.408172303075986
183,184,21.23937316855663
184,185,10.648296379611404
185,186,31.80436608630719
186,187,19.855568896003952
187,188,20.819781406520566
188,189,21.750000389451955
189,190,20.056106588488436
190,191,27.711015925781616
191,192,17.748852158235337
192,193,9.773175300953937
193,194,17.97194489716543
194,195,9.805296214564667
195,196,9.970237179866395
196,197,9.830613530304452
197,198,20.524468890696774
198,199,9.922615651304337
199,200,10.380739519695407
200,201,18.88141753118778
201,202,17.15320828986845
202,203,15.870084240668666
203,204,19.338157844400154
204,205,20.241368951555096
205,206,13.367650350490438
206,207,32.830560993531954
207,208,29.514617536711338
208,209,13.816378999152192
209,210,11.56676328597543
210,211,21.410674608847458
211,212,22.360552150889347
212,213,34.77144022790782
213,214,31.838600475155236
214,215,33.928869878735206
215,216,34.75354678131005
216,217,16.965707851390018
217,218,18.220827146945748
218,219,38.51220757866399
219,220,21.107369978082236
220,221,39.106698243536904
221,222,19.08700963036385
222,223,14.970144047775017
223,224,15.10137292075086
224,225,15.568222665873542
225,226,26.46137720664609
226,227,43.60188773990885
227,228,13.06432298263238
228,229,41.28639796721631
229,230,27.21087496350726
230,231,32.60211766593939
231,232,15.850048611532909
232,233,15.916413836379421
233,234,13.282014968606772
234,235,26.12287817206824
235,236,12.119924896114183
236,237,20.936000523558356
237,238,9.32070813839304
238,239,8.913692154882046
239,240,8.290933880691838
240,241,9.15153942717006
241,242,15.358531160843524
242,243,10.179427701011882
243,244,11.844510536449846
244,245,10.880403589983818
245,246,17.969882865937276
246,247,13.401998150890472
247,248,15.777810482165012
248,249,23.502967521431188
249,250,27.881129476584192
250,251,18.48639799789983
251,252,19.471867404240772
252,253,24.35577937229601
253,254,12.093418628454458
254,255,15.65848853525481
255,256,38.176274069301485
256,257,19.689345091273623
257,258,23.783437212728163
258,259,172.77841962630015
259,260,227.66769908292204
260,261,0.0
261,262,1.0
262,263,1.0
263,264,1.0
264,265,1.0
265,266,1.0
266,267,1.0
267,268,1.0
268,269,1.0
269,270,1.0
270,271,1.0
271,272,1.0
272,273,1.0
273,274,1.0
274,275,1.0
275,276,1.0
276,277,1.0
277,278,1.0
278,279,1.0
279,280,1.0
280,281,1.0
281,282,1.0
282,283,1.0
283,284,1.0
284,285,1.0
285,286,1.0
286,287,1.0
287,288,1.0
288,289,1.0
289,290,1.0
290,291,1.0
291,292,1.0
292,293,1.0
293,294,1.0
294,295,1.0
295,296,1.0
296,297,1.0
297,298,1.0
298,299,1.0
299,300,1.0
300,301,1.0
301,302,1.0
302,303,1.0
303,304,1.0
304,305,1.0
305,306,1.0
306,307,1.0
307,308,1.0
308,309,1.0
309,310,1.0
310,311,0.0
311,312,0.0
312,313,0.0
313,314,0.0
314,315,0.0
315,316,1.0
316,317,1.0
317,318,1.0
318,319,1.0
319,320,1.0
320,321,1.0
321,322,1.0
322,323,1.0
323,324,1.0
324,325,1.0
325,326,0.0
326,327,0.0
327,328,0.0
328,329,0.0
329,330,0.0
330,331,0.0
331,332,0.0
332,333,0.0
333,334,0.0
334,335,0.0
335,336,0.0
336,337,0.0
337,338,0.0
338,339,0.0
339,340,0.0
340,341,0.0
341,342,0.0
342,343,0.0
343,344,0.0
344,345,0.0
345,346,0.0
346,347,0.0
347,348,0.0
348,349,0.0
349,350,0.0
350,351,0.0
351,352,0.0
352,353,0.0
353,354,0.0
354,355,0.0
355,356,0.0
356,357,0.0
357,358,0.0
358,359,0.0
359,360,0.0
360,361,0.0
361,362,0.0
362,363,0.0
363,364,0.0
364,365,0.0
365,366,0.0
366,367,0.0
367,368,0.0
368,369,0.0
369,370,0.0
370,371,0.0
371,372,0.0
372,373,0.0
373,374,0.0
374,375,0.0
375,376,0.0
376,377,0.0
377,378,0.0
378,379,0.0
379,380,0.0
380,381,0.0
381,382,0.0
382,383,0.0
383,384,0.0
384,385,0.0
385,386,0.0
386,387,0.0
387,388,0.0
388,389,0.0
389,390,0.0
390,391,0.0
391,392,0.0
392,393,0.0
393,394,0.0
394,395,0.0
395,396,0.0
396,397,0.0
397,398,0.0
398,399,0.0
399,400,0.0
400,401,0.0
401,402,0.0
402,403,0.0
403,404,0.0
404,405,0.0
405,406,0.0
406,407,0.0
407,408,0.0
408,409,0.0
409,410,0.0
410,411,0.0
411,412,0.0
412,413,0.0
413,414,0.0
414,415,0.0
415,416,0.0
416,417,0.0
417,418,0.0
418,419,0.0
419,420,0.0
420,421,0.0
421,422,0.0
422,423,0.0
423,424,0.0
424,425,0.0
425,426,0.0
426,427,0.0
427,428,0.0
428,429,0.0
429,430,0.0
430,431,0.0
431,432,0.0
432,433,0.0
433,434,0.0
434,435,0.0
435,436,0.0
436,437,0.0
437,438,0.0
438,439,0.0
439,440,0.0
440,441,0.0
441,442,0.0
442,443,0.0
443,444,0.0
444,445,0.0
445,446,0.0
446,447,0.0
447,448,0.0
448,449,0.0
449,450,0.0
450,451,0.0
451,452,0.0
452,453,0.0
453,454,0.0
454,455,0.0
455,456,0.0
456,457,0.0
457,458,0.0
458,459,0.0
459,460,0.0
460,461,0.0
461,462,0.0
462,463,0.0
463,464,0.0
464,465,0.0
465,466,0.0
466,467,0.0
467,468,0.0
468,469,0.0
469,470,0.0
470,471,0.0
471,472,0.0
472,473,0.0
473,474,0.0
474,475,0.0
475,476,0.0
476,477,0.0
477,478,0.0
478,479,0.0
479,480,0.0
480,481,0.0
481,482,0.0
482,483,0.0
483,484,0.0
484,485,0.0
485,486,0.0
486,487,0.0
487,488,0.0
488,489,0.0
489,490,0.0
490,491,0.0
491,492,0.0
492,493,0.0
493,494,0.0
494,495,0.0
495,496,0.0
