trial_index,relative_spike_time
0,0.2793500000000009
0,0.4407999999999994
0,0.46529999999999916
0,0.49340000000000117
0,0.5283499999999997
0,0.5711000000000013
0,0.5952500000000001
0,0.6283999999999992
0,0.68675
0,0.7455500000000015
0,0.764050000000001
0,0.7784499999999994
0,0.8027499999999996
0,0.816749999999999
0,0.8452999999999982
0,0.9123999999999981
0,0.9750000000000014
0,1.0090000000000003
0,1.0995500000000007
0,1.175699999999999
1,-0.1579999999999977
1,0.42925000000000324
1,0.4643000000000015
1,0.49805000000000277
1,0.5434000000000019
1,0.5878000000000014
1,0.7020500000000034
1,0.9607000000000028
1,0.9816000000000003
1,1.0379500000000021
1,1.1532500000000034
1,1.1759500000000003
1,1.2119000000000035
2,0.41254999999999953
2,0.45870000000000033
2,0.4695500000000017
2,0.5102000000000011
2,0.526600000000002
2,0.5350999999999999
2,0.5623000000000005
2,0.6033500000000025
2,0.6167499999999997
2,0.6402500000000018
2,0.6580500000000029
2,0.7023500000000027
2,0.8064500000000017
2,0.8949999999999996
2,1.3291000000000004
2,1.4389000000000003
3,0.3873000000000033
3,0.4006000000000043
3,0.5331500000000027
3,0.6121000000000016
3,0.6596500000000027
4,0.38175000000000026
4,0.5217500000000008
4,0.5849499999999992
4,0.6620999999999988
4,0.6953999999999994
4,0.7449499999999993
5,-0.2503500000000045
5,-0.22075000000000244
5,-0.19955000000000211
5,0.09414999999999907
5,0.3284499999999966
5,0.3808999999999969
5,0.4396999999999949
5,0.4557000000000002
5,0.48679999999999524
5,0.5233999999999952
5,0.5379999999999967
5,0.5642500000000013
5,0.5848000000000013
5,0.6304999999999978
5,0.6616500000000016
5,0.6801999999999992
5,0.7200999999999951
5,0.7400499999999965
5,0.7655999999999992
5,0.7957499999999982
5,0.80715
5,0.8578499999999991
5,0.9686999999999983
5,1.0182499999999948
5,1.0466499999999996
5,1.130199999999995
5,1.1501499999999965
5,1.2643500000000003
5,1.3547499999999957
6,0.46590000000000487
6,0.5075500000000019
6,0.5363500000000059
6,0.5521500000000046
6,0.5719000000000065
6,0.6631500000000017
7,0.4120500000000078
7,0.5592500000000058
7,0.6466500000000082
7,0.6975500000000068
7,0.8545000000000016
7,1.0668500000000023
7,1.1378500000000074
7,1.165050000000008
7,1.192300000000003
8,0.4339999999999975
8,0.5310500000000005
8,0.5547499999999985
9,0.3244500000000059
9,0.39090000000000913
9,0.41755000000000564
9,0.43900000000000716
9,0.4603000000000037
9,0.4803500000000085
9,0.5567500000000081
9,0.956700000000005
10,0.3467500000000001
10,0.4179499999999976
10,0.6121499999999997
11,0.32475000000000165
11,0.47784999999999656
11,0.5923000000000016
11,0.7375499999999988
11,0.8310499999999976
11,1.1133000000000024
11,1.2250000000000014
12,-0.4735999999999976
12,-0.38459999999999184
12,0.09920000000000329
12,0.16705000000000325
12,0.32885000000000275
12,0.45870000000000744
12,0.47655000000000314
12,0.49790000000000845
12,0.5145000000000053
12,0.5361000000000047
12,0.5590000000000046
12,0.5782500000000041
12,0.6005000000000038
12,0.6126000000000076
12,0.6329500000000081
12,0.6512000000000029
12,0.6682000000000059
12,0.6807000000000087
12,0.7947500000000076
12,0.9648500000000055
12,1.068550000000009
14,-0.47184999999999633
14,0.28144999999999953
14,0.3265000000000029
14,0.5539500000000004
14,0.5812000000000026
14,0.6024000000000029
14,0.7062499999999972
14,0.7322500000000005
15,0.29485000000000383
15,0.5084000000000088
15,0.5788000000000082
15,0.5947500000000048
15,0.6398000000000081
15,0.699300000000008
15,0.712050000000005
15,0.7260500000000079
15,0.7859500000000068
15,0.8848500000000072
15,0.9226500000000044
15,0.9733000000000089
15,1.0404000000000053
15,1.0642500000000084
15,1.1032500000000027
15,1.1371000000000038
15,1.2189500000000066
15,1.409550000000003
16,0.4825000000000159
16,0.9712500000000119
17,-0.24254999999999427
17,-0.1077499999999958
17,-0.0782999999999987
17,1.2159500000000065
17,1.303449999999998
17,1.3195500000000067
17,1.3467500000000001
17,1.390650000000008
17,1.40655000000001
17,1.4314000000000107
18,0.010800000000003251
18,0.37864999999999327
18,0.4540499999999952
18,0.5057000000000045
18,0.5464999999999947
18,0.7471999999999923
19,0.5576000000000079
19,1.0673500000000047
20,0.03330000000001121
20,0.39415000000001044
20,0.8113500000000045
20,0.9488500000000073
21,0.7105999999999995
21,0.7857000000000056
21,0.8272999999999939
21,0.8518499999999989
21,0.8854999999999933
21,0.9512500000000017
21,0.9972000000000065
21,1.0219000000000023
21,1.073350000000005
21,1.1587499999999977
21,1.2186499999999967
21,1.3748999999999967
21,1.3900000000000006
21,1.4238500000000016
21,1.466300000000004
22,-0.45650000000000546
22,0.5954499999999996
22,0.6981499999999983
23,0.3495500000000078
23,0.658450000000002
23,0.7212999999999994
23,1.46875
24,0.35849999999999227
24,0.5613500000000045
24,0.587050000000005
24,0.7420500000000061
24,0.9438999999999993
24,0.9579999999999984
24,1.0283500000000032
24,1.0639500000000055
24,1.0946500000000015
24,1.1632999999999925
24,1.2382000000000062
24,1.2656000000000063
24,1.287850000000006
24,1.3808499999999952
25,-0.4333000000000027
25,-0.37949999999999307
25,0.24690000000001078
25,0.36350000000000193
25,0.42995000000000516
25,0.541000000000011
25,0.6961500000000029
25,0.7557000000000045
25,0.8716000000000008
25,0.9009000000000071
25,0.9886500000000069
25,1.0786000000000087
25,1.223550000000003
25,1.2623499999999979
25,1.3282999999999987
25,1.3556499999999971
25,1.4532000000000096
26,-0.08315000000000339
26,-0.04219999999999402
26,0.12954999999999472
26,0.25865000000000293
26,0.4211999999999989
26,0.47350000000000136
26,0.5164500000000061
26,0.5882000000000005
26,0.7325000000000017
26,0.7950000000000017
26,0.9716999999999985
26,1.0063999999999993
26,1.2446500000000071
26,1.2928500000000014
27,-0.2729499999999945
27,0.21520000000001005
27,0.3132500000000107
27,0.4444000000000159
27,0.4961500000000143
27,0.5392500000000098
27,1.2310000000000088
27,1.2998500000000064
27,1.4328500000000162
28,0.20300000000000296
28,0.23295000000000243
29,-0.3966999999999814
29,-0.2792999999999921
29,-0.24079999999999302
29,-0.05894999999998163
29,-0.043249999999986244
29,0.3358000000000061
29,0.47690000000001476
29,1.412850000000006
30,-0.32014999999999816
30,-0.23435000000000628
30,0.2338500000000039
30,0.39605000000000246
30,0.4480999999999966
30,0.4569000000000045
30,0.48399999999999466
30,0.6898000000000053
30,1.119649999999993
31,-0.15304999999999325
31,-0.1092999999999904
31,-0.024599999999992406
31,0.01820000000000732
31,0.10775000000001
31,0.12095000000000766
31,0.2784500000000065
31,0.41260000000001185
31,0.4833500000000015
31,0.6459000000000117
32,-0.10559999999999548
32,-0.024249999999994998
32,0.010800000000003251
32,0.06810000000000116
32,0.08220000000001448
32,0.19935000000000969
32,0.2394000000000034
32,0.3430000000000035
32,0.37315000000000964
32,0.45375000000001364
33,-0.38854999999999507
33,0.17165000000001385
33,0.2543500000000165
33,0.4498000000000104
33,0.5435500000000104
33,0.581150000000008
33,0.5945000000000107
33,0.9125500000000102
33,1.2811000000000092
33,1.3431000000000068
34,-0.4823999999999842
34,-0.15579999999999927
34,0.23690000000001987
34,0.2573500000000024
34,0.28795000000002346
34,0.31560000000001764
34,0.32425000000000637
34,0.38640000000000896
34,0.4703000000000088
34,1.4184000000000196
35,-0.44820000000001414
35,-0.4157999999999902
35,-0.2600500000000068
35,0.2481999999999971
35,0.279200000000003
35,0.3117499999999893
35,0.35814999999999486
35,0.38399999999998613
35,0.5266499999999894
35,0.6198499999999854
36,-0.470799999999997
36,0.41655000000000086
36,0.7013000000000034
37,-0.44069999999999254
37,0.06270000000000664
37,0.24850000000000705
37,0.2790999999999997
37,0.300200000000018
37,0.3825000000000216
37,0.43670000000000186
37,0.4695000000000107
37,0.5532000000000039
37,0.5872500000000116
37,0.5966999999999985
37,0.6180999999999983
37,0.6488999999999976
37,0.7519500000000221
38,-0.41825000000000045
38,-0.4052999999999827
38,-0.3182999999999936
38,0.2614499999999964
38,0.2790999999999997
38,0.345799999999997
38,0.3517500000000098
38,0.5456000000000074
39,-0.4000999999999806
39,0.06415000000001214
39,0.20660000000000878
39,0.32065000000002897
39,0.3619500000000073
39,0.3876500000000078
39,0.4808500000000038
39,0.5270000000000152
39,0.5915000000000248
39,0.7653500000000122
40,0.0008499999999855845
40,0.36060000000000514
40,0.38315000000000055
40,0.40475000000000705
40,0.49584999999999013
40,0.5171499999999867
40,0.5414499999999975
40,0.5669499999999914
40,0.6126999999999896
41,-0.43319999999999936
41,-0.12225000000000819
41,-0.028699999999986403
41,0.2506999999999948
41,0.2888499999999965
41,0.6286499999999933
41,0.889550000000014
41,0.9853999999999985
41,1.0936000000000092
41,1.1303499999999929
41,1.2843500000000176
42,-0.43455000000000155
42,-0.4010499999999979
42,-0.3883999999999901
42,-0.34039999999998827
42,-0.31725000000000136
42,-0.3001999999999896
42,-0.2786999999999864
42,-0.25559999999998695
42,-0.24304999999998245
42,-0.21734999999998195
42,-0.009649999999993497
42,0.22280000000000655
42,0.37340000000000373
42,0.40389999999999304
42,0.4343499999999949
42,0.4902500000000032
42,0.7324000000000126
42,0.8292000000000144
42,0.877049999999997
42,0.9176999999999964
42,1.0698500000000024
42,1.1970500000000186
42,1.297850000000011
43,-0.4034499999999923
43,-0.24409999999997467
43,0.13545000000002005
43,0.16625000000001933
43,0.19795000000002005
43,0.32210000000000605
43,0.3427000000000078
43,0.3889000000000067
43,1.2944000000000244
44,-0.45179999999999154
44,-0.4448500000000024
44,0.24414999999999054
44,0.472849999999994
44,0.4958000000000027
44,0.5153500000000122
45,0.08135000000001469
45,0.2571500000000242
45,0.2758000000000038
45,0.4692500000000166
45,0.5171000000000276
45,0.5308500000000151
45,0.6231000000000222
45,0.893650000000008
45,0.9254000000000246
45,0.9571500000000128
45,1.04555000000002
45,1.1382000000000119
45,1.328550000000007
46,0.5273500000000126
46,0.5652000000000044
47,-0.4344499999999982
47,-0.3327499999999759
47,-0.27139999999999986
47,-0.24875000000000114
47,-0.081799999999987
47,0.23404999999999632
47,0.36435000000000173
47,0.4792500000000075
47,0.5842000000000098
47,0.6261000000000081
47,0.7087000000000216
47,0.7287500000000193
47,0.7477499999999964
47,0.8631000000000029
47,0.878450000000015
47,0.9750000000000227
47,1.0782000000000096
47,1.0966000000000236
47,1.1323500000000024
47,1.2956500000000233
47,1.3167500000000132
48,-0.03725000000000023
48,0.07465000000001965
48,0.16415000000000646
48,0.24569999999999936
48,0.4259500000000003
48,0.5158000000000129
49,-0.27889999999999304
49,-0.25294999999999845
49,-0.23349999999999227
49,-0.20249999999998636
49,-0.12635000000000218
49,-0.09999999999999432
49,-0.08554999999998358
49,-0.015950000000003683
49,0.06340000000000146
49,0.3641499999999951
49,0.38800000000000523
49,0.4108500000000106
49,0.43890000000001805
49,0.5038000000000125
49,0.5805500000000166
49,0.8031500000000165
49,0.9882499999999936
50,-0.43659999999999854
50,-0.40569999999999595
50,-0.2711999999999932
50,-0.02404999999998836
50,0.19839999999999236
50,0.21514999999999418
50,0.5794999999999959
50,1.1559000000000026
51,0.2132000000000005
51,0.25884999999999536
51,0.31280000000000996
51,0.36205000000001064
51,0.3945500000000095
51,0.42210000000000036
51,0.6266999999999996
51,0.7563499999999976
51,0.8500999999999976
51,0.8848500000000001
51,1.0466499999999996
52,-0.37725000000000364
52,-0.2921000000000049
52,-0.2512999999999863
52,-0.19214999999999804
52,-0.11719999999999686
52,0.26019999999999754
52,0.2942000000000178
52,0.3418000000000063
52,0.4381999999999948
52,0.5030000000000143
52,0.5167000000000144
52,0.7087999999999965
52,0.8377000000000123
52,0.8905500000000188
52,1.065950000000015
52,1.2847500000000025
53,-0.2937999999999761
53,0.20340000000001623
53,0.3440000000000225
53,0.3680000000000234
53,0.44820000000001414
53,0.47970000000000823
53,0.5026500000000169
53,0.5342500000000143
53,0.5713000000000079
53,0.9268500000000301
54,-0.377900000000011
54,-0.28854999999998654
54,-0.12954999999999472
54,0.06524999999999181
54,0.10165000000000646
54,0.11340000000001282
54,0.3669500000000028
54,0.41329999999999245
54,1.0687499999999943
55,-0.20044999999998936
55,0.030499999999989313
55,0.47305000000000064
55,0.49840000000000373
55,0.5461999999999989
55,1.391600000000011
56,0.16575000000000273
56,0.17695000000000505
56,0.21450000000001523
56,0.393950000000018
56,0.4943500000000256
56,0.6865500000000111
56,0.8901000000000181
57,0.18240000000002965
57,0.1964500000000271
57,0.41525000000001455
57,0.4592000000000098
57,0.4849500000000262
58,-0.4482500000000016
58,-0.29085000000000605
58,-0.20689999999999031
58,0.24969999999999004
58,0.44429999999999836
58,0.5143500000000074
58,0.5821499999999844
58,0.935149999999993
59,-0.3727999999999838
59,-0.2313999999999794
59,-0.21459999999999013
59,-0.16379999999998063
59,0.5752000000000237
60,-0.2369499999999789
60,-0.21694999999996867
60,-0.20154999999996903
60,-0.1646499999999662
60,-0.132349999999974
60,0.47705000000001974
60,0.49935000000002105
60,0.5309500000000185
60,0.5461500000000115
60,0.5892500000000211
60,0.6202500000000271
60,0.6491500000000201
60,0.6593000000000302
60,0.7512500000000273
60,0.769800000000032
60,0.8506500000000301
60,0.8609000000000151
60,1.258100000000013
61,-0.3019999999999925
61,-0.24170000000000869
61,0.4098500000000058
61,0.48750000000001137
62,-0.06524999999999181
62,0.013800000000003365
62,0.25260000000000105
62,0.4870000000000232
62,0.5052000000000021
63,-0.1560000000000059
63,0.49715000000000487
63,0.5228999999999928
63,0.547600000000017
63,0.5702500000000157
63,0.5948999999999955
63,0.6860499999999945
63,0.7209500000000162
63,0.783850000000001
63,0.8199999999999932
63,0.909150000000011
63,1.014550000000014
63,1.0416500000000042
63,1.0617500000000177
63,1.1034999999999968
63,1.1152500000000032
63,1.1304000000000087
63,1.1488999999999976
63,1.3358499999999935
64,-0.3737499999999727
64,-0.09644999999997594
64,0.01900000000003388
64,0.22745000000003301
65,-0.4887999999999977
65,-0.4139499999999998
65,-0.3795999999999822
65,0.42635000000001355
65,0.4472499999999968
65,0.49739999999999895
65,0.5386000000000024
65,0.560450000000003
65,0.6850500000000181
65,0.7366000000000099
65,0.8868500000000097
65,1.0889500000000112
66,0.0882000000000005
66,0.11455000000000837
66,0.141050000000007
66,0.24395000000001232
67,-0.3281999999999812
67,0.041550000000000864
67,0.09104999999999563
67,0.14650000000000318
67,0.22715000000002306
67,0.5762
67,0.8692000000000064
67,1.3395500000000027
68,-0.20695000000000618
68,0.4479000000000042
69,0.2513500000000022
69,0.47355000000001723
69,0.8028500000000065
70,0.27864999999999895
70,0.5386000000000024
70,0.6218499999999949
70,0.649550000000005
70,1.1359500000000082
71,-0.44360000000000355
71,-0.40949999999998
71,-0.10429999999999495
71,0.27880000000001814
71,0.3028500000000065
71,0.39340000000001396
71,0.42150000000000887
72,0.18309999999996762
72,0.24644999999998163
72,0.3815500000000043
72,0.5091999999999643
72,0.5234499999999684
72,0.5407999999999902
72,0.5975500000000125
72,0.8202999999999747
72,0.9742499999999836
72,1.3680499999999824
73,-0.16374999999999318
73,0.3556000000000381
73,0.9163000000000352
74,-0.4282999999999788
74,-0.3834499999999821
74,-0.3027500000000032
74,0.22950000000003
74,0.349049999999977
74,0.42414999999999736
74,0.4379999999999882
74,0.5380499999999984
74,0.7785499999999956
75,-0.10275000000001455
75,-0.0004500000000007276
75,0.099899999999991
75,0.14569999999997663
75,0.1947499999999991
75,0.254449999999963
75,0.45249999999998636
75,0.47204999999996744
75,0.490099999999984
75,0.5731999999999857
75,0.6114999999999782
75,0.6579499999999712
75,0.7378499999999804
75,0.7788499999999772
75,0.8255499999999643
75,0.9377999999999815
75,1.1329999999999814
75,1.2492500000000177
76,0.22365000000002055
76,0.3839500000000271
76,0.4390000000000214
76,0.47885000000002265
76,0.4953500000000304
76,0.5147000000000048
76,0.9372000000000185
76,1.4670500000000288
77,0.04410000000001446
77,0.38840000000004693
77,0.63575000000003
77,0.7222500000000309
78,-0.09940000000000282
78,0.4653500000000008
78,0.559599999999989
78,0.6455500000000143
78,0.7065499999999929
78,0.7839999999999918
78,0.8984500000000253
78,0.9395999999999844
78,1.0131999999999834
78,1.039100000000019
78,1.0860000000000127
78,1.0971000000000117
78,1.2395500000000084
78,1.2697499999999877
78,1.3140999999999963
78,1.432299999999998
78,1.4820500000000152
78,1.496500000000026
79,0.5287000000000148
79,0.5439999999999827
79,0.5502999999999929
79,0.5759499999999775
79,0.6334499999999821
79,0.7550499999999829
79,0.9656499999999824
79,1.1537000000000148
79,1.2790499999999838
79,1.3254999999999768
81,-0.49989999999996826
81,-0.48924999999997
81,-0.19794999999999163
81,-0.019850000000019463
81,0.13075000000003456
81,0.34694999999999254
81,0.47065000000003465
81,0.5188499999999863
81,0.5393500000000131
81,0.5661999999999807
81,0.5959500000000162
81,0.6157999999999788
81,0.6347000000000094
81,0.6543500000000222
81,0.8423000000000229
82,0.27965000000000373
83,0.09810000000004493
83,0.17910000000000537
83,0.21604999999999563
83,0.275100000000009
83,0.30465000000003783
83,0.5540500000000179
83,0.5700500000000375
83,0.6009000000000242
83,0.6245000000000118
83,0.6539999999999964
83,0.6881999999999948
83,0.7246000000000095
83,0.7569500000000176
83,0.832300000000032
83,1.0533000000000357
83,1.3204000000000065
84,-0.42184999999994943
84,-0.3865999999999872
84,-0.32269999999999754
84,-0.2644999999999982
84,-0.24769999999995207
84,-0.1440499999999929
84,-0.0717499999999518
84,-0.014449999999953889
84,-0.0014999999999645297
84,0.015650000000050568
84,0.07945000000000846
84,0.10439999999999827
84,0.13235000000003083
84,0.17295000000001437
84,0.2249500000000353
84,0.23799999999999955
84,0.2573000000000434
84,0.33629999999999427
84,0.4004000000000474
84,0.4275000000000091
84,0.48285000000004175
84,0.5216500000000224
84,0.5625
84,0.602450000000033
84,0.6249500000000126
84,0.6487999999999943
84,0.7325000000000159
84,0.7586000000000013
84,0.803950000000043
84,1.0548000000000002
84,1.1633000000000493
84,1.1817000000000348
84,1.20210000000003
84,1.259299999999996
84,1.3782500000000368
84,1.4056000000000495
84,1.4303000000000452
84,1.470799999999997
84,1.487700000000018
85,-0.43209999999999127
85,0.34159999999997126
85,0.44504999999998063
85,0.45990000000000464
85,0.4784999999999968
85,0.4954999999999927
85,0.5182500000000232
85,0.5463500000000181
85,0.5980999999999881
85,0.6265999999999963
85,1.4747499999999718
86,-0.29034999999998945
86,-0.037449999999978445
86,-0.011849999999981264
86,0.008399999999994634
86,0.0656500000000051
86,0.19299999999998363
86,0.21325000000001637
86,0.22500000000002274
86,0.2565000000000168
86,0.27285000000000537
86,0.3007999999999811
86,0.33730000000002747
86,0.4123000000000161
86,0.43470000000002074
86,0.44375000000002274
86,0.4517500000000041
86,0.4809500000000071
86,0.5190000000000055
86,0.5332000000000221
86,0.555499999999995
86,0.582300000000032
86,0.5939500000000066
86,0.6375499999999761
86,0.6689000000000078
86,0.6918000000000006
86,0.7064000000000306
86,0.72199999999998
86,0.7379500000000121
86,0.7876499999999851
86,0.8187500000000227
86,0.8511500000000183
86,0.8806999999999903
86,0.9544999999999959
86,0.9789499999999975
86,1.0212000000000216
86,1.180150000000026
86,1.3396999999999935
86,1.3688000000000216
86,1.404800000000023
86,1.4370999999999867
86,1.4586499999999774
87,-0.48359999999996717
87,-0.44439999999997326
87,-0.4043999999999528
87,-0.3775499999999852
87,-0.3505999999999858
87,-0.33894999999995434
87,-0.3225999999999658
87,-0.2765499999999861
87,-0.2584499999999821
87,-0.22859999999997171
87,-0.17074999999994134
87,-0.12974999999994452
87,-0.11669999999998026
87,-0.08934999999996762
87,-0.06829999999996517
87,-0.059299999999950614
87,-0.03969999999998208
87,-0.015249999999980446
87,0.019300000000043838
87,0.04065000000002783
87,0.053200000000060754
87,0.09360000000003765
87,0.11915000000004738
87,0.1327500000000441
87,0.2066000000000372
87,0.22920000000004848
87,0.2897000000000389
87,0.3008000000000379
87,0.3250500000000329
87,0.3450000000000273
87,0.40295000000003256
87,0.45570000000003574
87,0.4712000000000103
87,0.47790000000003374
87,0.5153000000000247
87,0.5384500000000116
87,0.5501500000000306
87,0.5664500000000317
87,0.5760000000000218
87,0.6116000000000099
87,0.6620000000000346
87,0.6835500000000252
87,0.6960000000000264
87,0.7044500000000653
87,0.7372000000000298
87,0.7685500000000616
87,0.8820000000000618
87,1.1044000000000551
87,1.2860000000000582
87,1.3339000000000283
87,1.4344500000000266
87,1.4925000000000637
88,-0.34104999999999563
88,-0.2734999999999559
88,-0.028299999999944703
88,0.04005000000000791
88,0.07055000000002565
88,0.1269500000000221
88,0.15210000000001855
88,0.17875000000003638
88,0.22400000000004638
88,0.247950000000003
88,0.3280500000000188
88,0.339300000000037
88,0.37725000000000364
88,0.4148000000000138
88,0.4369000000000369
88,0.45365000000003874
88,0.469250000000045
88,0.5024000000000228
88,0.5680500000000279
88,0.5902500000000259
88,0.6215500000000134
88,0.6400500000000306
88,0.7161000000000399
88,0.7285500000000411
88,0.7434500000000526
88,0.7735000000000127
88,0.9710000000000036
88,1.0842000000000098
88,1.2010000000000218
88,1.3216500000000337
88,1.3905000000000314
88,1.4214000000000055
88,1.4303500000000327
88,1.4499000000000137
88,1.4599000000000046
88,1.472150000000056
89,-0.2774000000000001
89,-0.23809999999997444
89,-0.1913499999999999
89,0.154200000000003
89,0.2016500000000292
89,0.2613499999999931
89,0.46775000000002365
89,0.6154500000000098
89,0.8353999999999928
89,0.890700000000038
89,1.4771000000000072
90,0.43830000000002656
90,0.6788500000000113
90,1.351850000000013
91,-0.07789999999999964
91,-0.06434999999999036
91,0.008350000000007185
91,0.20494999999999663
91,0.227800000000002
91,0.26019999999999754
91,0.2728999999999928
91,0.29670000000004393
91,0.32055000000002565
91,0.4105000000000132
91,0.4370499999999993
91,0.45820000000003347
91,0.4701000000000022
91,0.49635000000000673
91,0.5382000000000176
91,0.574450000000013
91,0.5834500000000276
91,0.6424000000000092
91,0.6523000000000252
91,0.6987500000000182
91,0.7732000000000312
91,0.7890500000000316
91,0.8061500000000024
91,0.8164500000000317
91,0.9180000000000064
91,0.9756500000000301
91,1.0357000000000198
91,1.3714500000000385
91,1.388050000000021
91,1.430499999999995
92,-0.31340000000000146
92,-0.18084999999996398
92,-0.06299999999998818
92,-0.005699999999990268
92,0.09829999999999472
92,0.17020000000002256
92,0.18790000000001328
92,0.209699999999998
92,0.23345000000000482
92,0.28590000000002647
92,0.3416000000000281
92,0.4165500000000293
92,0.646850000000029
92,0.8260500000000093
92,0.983600000000024
93,-0.25194999999996526
93,-0.02039999999999509
93,0.099899999999991
93,0.11580000000003565
93,0.12860000000000582
93,0.14140000000003283
93,0.29419999999998936
93,0.3371000000000208
93,0.40125000000000455
93,0.4261500000000069
93,0.4580500000000143
93,0.5097999999999843
93,0.5429000000000315
93,0.8894500000000107
93,1.186050000000023
93,1.314300000000003
94,-0.47145000000000437
94,-0.44029999999997926
94,-0.3520499999999629
94,-0.323099999999954
94,-0.2186999999999557
94,-0.2014499999999657
94,0.191599999999994
94,0.2004000000000019
94,0.21225000000004002
94,0.24230000000000018
94,0.2871499999999969
94,0.333500000000015
94,0.3756999999999948
94,0.4056000000000495
94,0.4583499999999958
94,0.5145500000000425
94,0.5273500000000126
94,0.5671500000000265
94,0.60450000000003
94,0.6240999999999985
94,0.6308999999999969
94,0.7768500000000245
95,-0.03125
95,0.06475000000000364
95,0.08424999999999727
95,0.24045000000000982
95,0.26640000000003283
95,0.2746500000000083
95,0.32994999999999663
95,0.35394999999999754
95,0.4507000000000403
95,0.6047500000000241
95,0.6313000000000102
95,0.6862000000000421
95,0.7019000000000233
95,0.7712999999999965
95,0.8252000000000521
95,0.9180500000000507
95,0.9377000000000066
95,0.9923000000000002
96,-0.3035499999999729
96,-0.2480499999999779
96,-0.22570000000001755
96,-0.1423499999999649
96,0.31884999999999764
96,0.3879000000000019
96,0.4266499999999951
96,0.48759999999998627
96,0.5155000000000314
96,0.5533000000000357
96,0.5681999999999903
96,0.587600000000009
96,0.613049999999987
96,0.6473500000000172
96,0.716700000000003
96,0.7632500000000277
96,0.8357500000000186
97,-0.27634999999997945
97,-0.2489999999999668
97,-0.23234999999999673
97,-0.17954999999994925
97,-0.16049999999995634
97,-0.12154999999995653
97,0.261950000000013
97,0.4974000000000274
97,0.5175000000000409
97,0.5619000000000369
97,0.6516000000000304
97,0.7048000000000343
98,0.20909999999997808
98,0.2715000000000032
98,0.32664999999997235
98,0.33695000000000164
98,0.347849999999994
98,0.3711500000000001
98,0.42944999999997435
98,0.5179999999999723
98,0.5271999999999935
98,0.5581999999999994
98,0.5837000000000216
98,0.5982500000000073
98,1.3252499999999827
99,-0.48864999999995007
99,-0.4720999999999549
99,-0.33714999999995143
99,-0.2118499999999699
99,-0.055799999999976535
99,0.020100000000070395
99,0.24430000000006658
99,0.2598000000000411
99,0.28410000000002356
99,0.32985000000002174
99,0.35470000000003665
99,0.4292000000000371
99,0.47475000000002865
99,0.4851000000000454
99,0.5059500000000412
99,0.5605000000000473
99,0.6398000000000366
99,0.7358000000000402
99,0.9642500000000496
99,1.0478500000000395
99,1.4770000000000323
100,-0.23264999999997826
100,0.3195500000000493
100,0.3409000000000333
100,0.4923500000000445
100,0.5751000000000204
100,0.6066500000000019
100,0.6322000000000116
100,0.6686500000000137
100,0.8539499999999975
100,0.8973500000000172
100,1.32000000000005
101,0.1189499999999839
101,0.20704999999998108
101,0.24995000000001255
101,0.26539999999999964
101,0.288599999999974
101,0.33299999999997
101,0.3793499999999881
101,0.4282000000000039
101,0.4419500000000198
101,0.4502499999999827
101,0.4619000000000142
101,0.486850000000004
101,0.5371999999999844
101,0.5526499999999714
101,0.5678499999999644
101,0.6290500000000065
101,0.6684500000000071
101,0.6902000000000044
101,0.7044500000000085
101,0.7399499999999648
101,0.9929000000000201
101,1.029200000000003
101,1.168450000000007
101,1.221650000000011
101,1.314899999999966
102,-0.37189999999998236
102,-0.30340000000001055
102,0.10165000000000646
102,0.12934999999998809
102,0.32260000000002265
102,0.3453000000000088
102,0.38315000000000055
102,0.4746499999999969
103,-0.16324999999994816
103,0.280900000000031
103,0.3534999999999968
104,-0.289449999999988
104,-0.24389999999999645
104,-0.1544499999999971
104,0.25279999999997926
104,0.3016499999999951
104,0.3381999999999721
104,0.40604999999999336
104,0.4305999999999699
104,0.4574000000000069
104,0.5018999999999778
104,0.5131000000000085
104,0.5312000000000126
104,0.5559000000000083
104,0.5878000000000156
104,0.6218000000000075
104,0.6785499999999729
104,0.7022999999999797
104,0.7853000000000065
104,0.8119499999999675
104,0.8562499999999886
104,0.9013999999999669
104,0.9449000000000183
104,0.9594999999999914
104,1.0020999999999844
104,1.0363499999999704
104,1.067200000000014
104,1.0946500000000015
104,1.2182999999999993
105,-0.25324999999998
105,0.2259000000000242
105,0.2717000000000098
105,0.341700000000003
105,1.4963500000000067
106,0.2806000000000495
106,0.31330000000002656
106,0.34770000000003165
106,0.35950000000002547
106,0.4701500000000465
106,0.5004000000000133
106,0.5503000000000497
106,0.5830500000000143
106,0.5962000000000671
106,0.6134000000000128
106,0.701150000000041
106,0.7350500000000579
106,0.7557500000000346
106,0.7819500000000517
106,0.8038000000000238
106,0.8319000000000187
106,0.8616500000000542
106,0.8796500000000265
106,0.8853500000000167
106,0.9068500000000199
106,0.9119000000000597
106,0.9618000000000393
106,0.9721000000000117
106,0.988550000000032
106,1.013050000000021
106,1.0986500000000206
106,1.1200000000000614
106,1.1353000000000293
106,1.1632500000000618
106,1.3632500000000505
106,1.4074500000000398
107,-0.4702500000000214
107,-0.4454499999999939
107,-0.3262500000000159
107,-0.21784999999999854
107,0.3914500000000203
107,0.40204999999997426
107,0.4236500000000092
107,0.5749999999999886
108,-0.2198500000000081
108,-0.13035000000002128
108,-0.023149999999986903
108,-0.0004999999999881766
108,0.01274999999998272
108,0.02780000000001337
108,0.041200000000003456
108,0.30925000000002
108,0.3401499999999942
108,0.3643999999999892
108,0.40204999999997426
108,0.4241000000000099
108,0.48824999999999363
108,0.5176999999999907
108,0.5835500000000025
108,0.6047499999999673
108,0.6358500000000049
108,0.6621499999999969
108,0.6850000000000023
108,0.7701999999999884
108,0.8625499999999988
108,0.9011499999999728
108,0.9478500000000167
108,0.9767499999999814
109,-0.4335500000000252
109,-0.21399999999999864
109,0.39699999999999136
109,0.45325000000002547
109,0.4724499999999807
109,0.4902500000000032
109,0.5194999999999936
109,0.5674000000000206
109,0.6714999999999804
109,0.7379000000000246
109,0.7714000000000283
109,0.8680499999999824
109,0.8908999999999878
110,0.15424999999999045
110,0.25065000000000737
110,0.3356499999999869
110,0.42984999999998763
110,0.47109999999997854
110,0.4826999999999657
110,0.5521499999999833
110,0.580949999999973
110,0.6247999999999934
110,0.6852000000000089
110,0.7200500000000147
110,0.7319999999999709
110,0.7454999999999927
110,0.7678999999999974
110,1.0100999999999658
111,0.3008500000000254
111,0.31364999999999554
111,0.42349999999999
111,0.4933500000000208
111,0.5498000000000047
111,1.0179500000000417
111,1.0404000000000337
111,1.2907999999999902
112,-0.4519499999999539
112,0.2715000000000032
112,0.3550000000000182
112,0.38635000000004993
112,0.40115000000002965
112,0.471300000000042
112,0.497600000000034
112,0.5486000000000217
112,0.6201500000000237
112,0.9966500000000451
113,0.30119999999999436
113,0.4458500000000072
113,0.47800000000000864
113,0.496249999999975
113,0.6187999999999647
113,0.6696999999999775
113,0.7070499999999811
113,0.7914499999999975
113,1.035250000000019
113,1.1093999999999937
113,1.4003000000000156
113,1.486249999999984
114,0.2703999999999951
114,0.3322000000000003
114,0.351949999999988
114,0.43479999999999563
114,0.5043000000000006
115,0.19480000000004338
115,0.2557000000000471
115,0.33735000000007176
115,0.40730000000002065
115,0.440900000000056
115,0.4743000000000279
115,0.49865000000005466
116,0.14769999999998618
116,0.16500000000002046
116,0.20435000000003356
116,0.28340000000002874
117,-0.4546500000000151
117,0.15149999999999864
117,0.17685000000000173
117,0.20910000000003492
117,0.504099999999994
118,0.09010000000006357
118,0.1763500000000704
118,1.474300000000028
119,-0.17954999999994925
119,-0.12674999999995862
119,-0.11049999999994498
119,-0.07804999999996198
119,-0.028249999999957254
119,0.05220000000002756
119,0.12760000000002947
119,0.19295000000005302
119,0.2209500000000162
119,0.2376000000000431
119,0.327000000000055
119,0.4258000000000379
119,0.4767500000000382
119,0.6415000000000646
119,1.0374000000000478
119,1.107150000000047
119,1.2651500000000624
119,1.2932000000000698
119,1.3191000000000486
119,1.382250000000056
120,0.31910000000004857
120,1.0176000000000158
121,-0.2331999999999539
121,0.15830000000005384
121,0.19495000000006257
121,0.2683000000000675
121,0.33760000000006585
121,0.3645000000000209
121,0.5344500000000494
121,0.7519000000000347
121,0.836050000000057
121,0.8910000000000196
121,0.9675000000000296
122,-0.08734999999995807
122,0.16875000000004547
122,0.2828500000000531
122,0.30810000000002447
122,0.39320000000003574
122,0.6230000000000473
122,0.6499500000000467
122,1.097150000000056
122,1.1823500000000422
122,1.4512000000000285
123,-0.35619999999994434
123,-0.3199499999999489
123,-0.2943499999999517
123,0.1951500000000692
123,0.25155000000006567
123,0.2681500000000483
123,0.3522500000000264
123,0.5269000000000688
124,-0.0070999999999799
124,0.08295000000003938
124,0.10480000000001155
124,0.17335000000002765
124,0.19200000000000728
124,0.2604500000000485
124,0.32269999999999754
124,0.36205000000001064
124,0.6236499999999978
125,0.23120000000000118
125,0.3593000000000188
125,0.9898499999999899
125,1.4036500000000274
126,-0.46634999999997717
126,-0.0050999999999703505
126,0.09919999999999618
126,0.10630000000003292
126,0.22140000000001692
126,0.2679499999999848
126,0.32490000000001373
126,0.3383000000000038
126,0.3709999999999809
126,0.45280000000002474
127,-0.07014999999995553
127,0.2270000000000323
127,0.37475000000006276
127,0.3974000000000615
127,0.449100000000044
128,-0.4613499999999817
128,-0.4430499999999711
128,-0.33049999999997226
128,-0.2558999999999969
128,-0.174350000000004
128,-0.10304999999999609
128,0.00215000000002874
128,0.03870000000000573
128,0.059599999999988995
128,0.16090000000002647
128,0.2938500000000204
128,0.3361500000000319
128,0.3760000000000332
128,0.4464500000000271
128,0.4664500000000089
128,0.5199499999999944
128,0.6218999999999824
128,0.6603999999999814
128,0.7309000000000196
128,0.7676500000000033
128,1.0635000000000332
128,1.1940999999999917
129,0.2675500000000284
129,0.3229500000000485
129,0.3428500000000554
129,0.3782000000000494
129,0.4863500000000158
129,0.5051000000000272
129,0.525100000000009
129,0.605700000000013
129,0.648900000000026
129,0.7014500000000226
129,0.7241000000000213
129,1.0936000000000377
130,0.23750000000001137
130,0.2786500000000274
130,0.38094999999998436
130,0.8188999999999851
130,1.1999999999999886
130,1.2507499999999823
130,1.377650000000017
131,0.02255000000002383
131,0.24300000000005184
131,0.3300500000000284
131,0.3537000000000603
131,0.4685500000000502
131,0.9782000000000153
132,-0.17084999999997308
132,-0.12474999999994907
132,-0.08349999999995816
132,-0.03589999999996962
132,-0.011149999999929605
132,0.15695000000005166
132,0.2218000000000302
132,0.2623500000000263
132,0.32020000000005666
132,0.3470500000000243
132,0.398900000000026
132,0.4270500000000652
132,0.4356500000000665
132,0.46500000000003183
132,0.5024000000000228
132,0.5535500000000297
132,0.576150000000041
132,0.5908000000000584
132,0.6707000000000676
132,0.6909500000000435
132,0.727100000000064
132,0.8201000000000249
132,0.8580000000000609
132,0.8802500000000464
132,0.8935000000000741
132,0.9572000000000571
132,1.0122500000000514
132,1.227100000000064
132,1.4117500000000405
132,1.4777500000000714
133,0.32440000000002556
133,0.4544999999999959
133,0.47910000000001673
134,-0.027699999999981628
134,0.0034999999999740794
134,0.015499999999974534
134,0.23604999999997744
134,0.42745000000002165
134,0.4595499999999788
134,0.47554999999999836
134,0.7852500000000191
134,1.4925499999999943
135,-0.467550000000017
135,-0.37164999999998827
135,0.05360000000001719
135,0.23784999999998035
135,0.29444999999998345
135,0.34140000000002146
135,0.44479999999998654
135,0.4660000000000082
135,0.5461500000000115
135,0.5818499999999744
135,0.7114500000000135
135,0.7312000000000012
135,0.7735000000000127
135,0.7991999999999848
135,0.8404499999999757
135,0.9007500000000164
135,0.9411000000000058
135,0.9841000000000122
135,1.0440499999999702
135,1.0790000000000077
135,1.111949999999979
135,1.1859000000000037
135,1.1929000000000087
135,1.2516499999999837
135,1.2887999999999806
135,1.328800000000001
135,1.351350000000025
135,1.36160000000001
135,1.3888000000000034
135,1.4166999999999916
135,1.4442999999999984
135,1.4754500000000235
136,0.378400000000056
136,0.4500000000000455
136,0.5439000000000078
136,1.2102500000000305
136,1.3981500000000437
137,0.3359500000000253
137,0.5676000000000272
137,0.6029500000000212
137,0.6515500000000429
137,1.1998500000000263
137,1.2611000000000558
138,0.2772000000000503
138,0.29914999999999736
138,0.47655000000003156
138,0.9001499999999965
139,-0.43354999999996835
139,-0.31184999999999263
139,-0.29899999999997817
139,-0.2803000000000111
139,-0.2585500000000138
139,-0.22539999999997917
139,-0.09904999999997699
139,-0.061399999999991905
139,0.025500000000022283
139,0.0676000000000272
139,0.08705000000003338
139,0.3432500000000118
139,0.4023000000000252
139,0.4712499999999977
139,0.4917000000000371
139,0.750850000000014
139,0.8122000000000185
139,0.8547500000000241
139,1.3055500000000393
140,-0.47694999999993115
140,-0.34954999999996517
140,0.2611500000000433
140,0.3000000000000682
140,0.3333000000000652
140,0.38585000000006175
140,0.5298000000000229
140,0.6619000000000597
140,0.7255000000000678
140,0.9476000000000226
140,1.2631000000000654
140,1.2871000000000663
141,0.06080000000002883
141,1.347150000000056
142,-0.13274999999998727
142,0.09190000000000964
142,0.30205000000000837
142,0.43625000000002956
142,0.5052000000000021
142,0.5620999999999867
142,0.5878999999999905
142,0.6005999999999858
142,0.6607000000000198
142,0.6852000000000089
142,0.8246500000000196
142,0.8441500000000133
142,0.8949000000000069
142,0.9159000000000219
142,0.9298000000000002
142,0.9422999999999888
142,0.9569500000000062
142,0.9763500000000249
142,1.0197499999999877
142,1.1025999999999954
142,1.111949999999979
142,1.1338999999999828
142,1.1820999999999913
142,1.279100000000028
142,1.3389500000000112
142,1.3492499999999836
142,1.38515000000001
142,1.452449999999999
143,0.20010000000002037
143,0.23070000000006985
143,0.28075000000006867
143,0.299850000000049
143,0.31465000000002874
143,0.45670000000006894
143,0.4910000000000423
143,0.4999000000000251
143,0.5301500000000487
143,0.5884000000000356
143,0.596300000000042
143,0.8058500000000208
143,1.1586500000000228
143,1.4594000000000165
144,-0.3624499999999671
144,0.1922500000000582
144,0.2516000000000531
144,0.2942000000000462
145,-0.45174999999994725
145,-0.19299999999998363
145,0.1259500000001026
145,0.32205000000010386
145,0.34915000000000873
145,0.38970000000006166
145,0.5968500000000176
145,1.3683500000000777
146,0.23420000000010077
146,0.344600000000014
146,0.4194000000001097
146,0.5022500000001173
146,0.5505000000000564
146,0.5703000000000884
146,0.614650000000097
146,0.6548500000000104
146,0.687650000000076
146,0.7158500000000458
146,0.7415000000000873
146,0.8073000000000548
146,0.8393000000000939
146,0.8620500000000675
146,0.8907500000000255
146,0.9810000000001082
147,-0.04434999999989486
147,0.3320000000001073
147,0.39505000000008295
147,0.4200500000000602
147,0.46260000000006585
147,0.4936000000001286
147,0.5253500000001168
147,0.5809000000000424
147,0.5953000000000657
147,0.6356500000000551
147,0.6809500000000526
147,0.6922000000000708
147,0.7070000000001073
147,1.2579500000000507
148,0.2937500000000455
148,0.39345000000002983
148,0.9844000000000506
148,1.4843500000000631
149,0.07989999999995234
149,0.17070000000001073
149,0.20619999999996708
149,0.24509999999997945
149,0.26644999999996344
149,0.3423999999999978
149,0.42565000000001874
149,0.44029999999997926
149,0.4585499999999456
149,0.4906499999999596
149,1.2096500000000106
149,1.491899999999987
150,-0.2402999999999338
150,-0.1805499999999256
150,-0.02755000000001928
150,0.09810000000004493
150,0.22424999999998363
150,0.2671500000000151
150,0.30529999999998836
150,0.3253500000000713
150,0.347849999999994
150,0.3704500000000053
150,0.38115000000004784
150,0.3966000000000349
150,0.4108999999999696
150,0.4457999999999629
150,0.49805000000003474
150,0.5707499999999754
150,0.6413000000000011
150,0.7106499999999869
150,0.7582999999999629
150,0.7749999999999773
150,0.7948000000000093
150,0.8031500000000733
150,0.8392499999999927
151,-0.47154999999997926
151,-0.37255000000004657
151,-0.3365000000000009
151,-0.27454999999997654
151,-0.19825000000003
151,-0.18174999999996544
151,-0.15504999999996016
151,-0.04774999999995089
151,-0.019499999999993634
151,0.015499999999974534
151,0.06825000000003456
151,0.19925000000000637
151,0.23050000000000637
151,0.6475000000000364
152,-0.2035999999999376
152,-0.10979999999995016
152,0.2994500000000926
152,0.520900000000097
152,0.5585000000000946
152,0.6577500000000782
152,1.03875000000005
152,1.063449999999989
153,-0.44804999999996653
153,-0.20545000000004165
153,-0.03600000000005821
153,0.09585000000004129
153,0.19010000000002947
153,0.27880000000004657
153,0.36220000000002983
153,0.3925000000000409
153,0.43714999999997417
153,0.4643499999999676
153,1.2160499999999956
153,1.366049999999973
154,-0.4470499999999902
154,-0.13389999999992597
154,-0.11889999999993961
154,-0.07094999999992524
154,-0.043049999999993815
154,0.032550000000014734
154,0.07960000000002765
154,0.11450000000002092
154,0.17754999999999654
154,0.19965000000001965
154,0.359450000000038
154,0.37980000000004566
154,0.46660000000008495
154,0.5169000000000779
154,1.4043500000000222
155,-0.0776499999999487
155,0.2339000000000624
155,0.32750000000010004
155,0.4381500000000642
155,0.4517000000000735
155,0.4819000000001097
155,0.5708000000000766
155,0.5832500000000209
155,0.6170500000000629
155,0.6492500000000518
155,0.6904500000000553
155,0.7210000000001173
155,0.7435500000000275
155,0.7912000000001171
155,0.8090000000000828
155,0.8631000000000313
155,0.8759000000001151
155,0.9264500000000453
155,0.9987500000000864
156,-0.47249999999996817
156,-0.41459999999995034
156,-0.39715000000001055
156,0.08270000000004529
156,0.1298500000000331
156,0.19510000000002492
156,0.24615000000005693
156,0.28719999999998436
156,0.3169500000000198
156,0.34685000000001764
156,0.36305000000004384
156,0.3769999999999527
156,0.4272999999999456
156,0.4631500000000415
156,0.4759000000000242
156,0.5253500000000031
156,0.5507000000000062
156,0.566599999999994
156,0.5815000000000055
156,0.60024999999996
156,0.6212500000000318
156,0.6691499999999451
156,0.8641000000000076
156,1.366549999999961
157,-0.40344999999990705
157,-0.16989999999998417
157,-0.13439999999991414
157,-0.11344999999994343
157,-0.0906999999999698
157,-0.07144999999991342
157,-0.031549999999924694
157,0.01195000000006985
157,0.11390000000005784
157,0.18690000000003693
157,0.3315499999999929
157,0.3596500000001015
157,0.37895000000003165
157,0.4239499999999907
157,0.5280999999999949
157,0.6352500000000418
157,0.8658000000000357
158,-0.13934999999992215
158,-0.05079999999998108
158,-0.027799999999956526
158,0.00909999999998945
158,0.017550000000028376
158,0.029250000000047294
158,0.0391500000000633
158,0.049150000000054206
158,0.06574999999997999
158,0.10599999999999454
158,0.12580000000002656
158,0.1863500000000613
158,0.19614999999998872
158,0.21550000000002
158,0.2377999999999929
158,0.25625000000002274
158,0.2734500000000253
158,0.2898999999999887
158,0.3380000000000791
158,0.360300000000052
158,0.40390000000002146
158,0.42629999999996926
158,0.43534999999997126
158,0.45249999999998636
158,0.46564999999998236
158,0.48030000000005657
158,0.497600000000034
158,0.5226499999999987
158,0.5335499999999911
158,0.574950000000058
158,0.5986000000000331
158,0.6209999999999809
158,0.651299999999992
158,0.6877500000000509
158,0.7011999999999716
158,0.9492000000000189
158,0.9737999999999829
158,1.0210000000000719
158,1.0719500000000153
158,1.1624000000000478
158,1.1975499999999784
158,1.2557000000000471
158,1.347849999999994
158,1.4436000000000604
158,1.4770500000000766
159,0.18479999999999563
159,0.2195000000000391
159,0.25490000000002055
159,0.2658000000000129
159,0.29909999999995307
159,0.32875000000001364
159,0.38564999999994143
159,0.4375
159,0.472849999999994
159,0.4930500000000393
159,0.5127999999999702
159,0.5268999999999551
159,0.5707999999999629
159,0.5914500000000089
159,0.6091000000000122
159,0.6246499999999742
159,0.6521999999999935
159,0.6667999999999665
159,0.7787499999999454
159,0.8781000000000176
159,0.9394499999999653
159,1.1310999999999467
159,1.2885499999999865
159,1.3514999999999873
159,1.4057000000000244
159,1.4779999999999518
160,1.0127999999999702
161,-0.48079999999993106
161,-0.45964999999989686
161,-0.34419999999988704
161,-0.1954999999999245
161,0.21840000000008786
161,0.2766000000000304
161,0.3070500000001175
161,0.7952000000000226
161,0.8195500000000493
161,1.0056500000000597
161,1.4212000000001126
162,0.08095000000002983
162,0.10655000000008386
162,0.12745000000006712
162,0.1680500000001075
162,0.18600000000003547
162,0.20305000000007567
162,0.22385000000008404
162,0.46250000000009095
162,0.49565000000006876
162,0.5520000000001346
162,1.2640000000001237
163,-0.40125000000000455
163,-0.20119999999997162
163,-0.17780000000004748
163,-0.011849999999981264
163,0.017150000000015098
163,0.11459999999999582
163,0.22849999999993997
163,0.265700000000038
163,0.29664999999999964
163,0.30264999999997144
163,0.403850000000034
163,0.498299999999972
163,0.5109999999999673
163,0.5244500000000016
163,0.5729999999999791
163,0.6151999999999589
163,0.63474999999994
163,0.6606500000000324
163,0.6734000000000151
163,0.6897000000000162
163,0.6999499999999443
163,0.7115499999999884
163,0.7543500000000449
163,0.7726999999999862
163,1.2995999999999412
163,1.3958000000000084
163,1.406150000000025
164,0.08664999999996326
164,0.12409999999999854
164,0.154549999999972
164,0.17639999999994416
164,0.19880000000000564
164,0.2270499999999629
164,0.26654999999993834
164,0.35969999999997526
164,0.4050999999999476
164,1.0652999999999793
164,1.180150000000026
165,0.20485000000007858
165,0.31685000000004493
165,0.47290000000009513
165,0.5943000000000893
165,1.320850000000064
165,1.4789500000000544
166,0.15755000000001473
166,0.18230000000005475
166,0.26060000000006767
166,0.28804999999999836
166,0.32844999999997526
166,0.34294999999997344
166,0.4153999999999769
166,0.5726500000000669
166,1.1558499999999867
166,1.2506500000000642
166,1.3785500000000184
167,-0.4046499999999469
167,-0.3431500000000369
167,-0.24979999999993652
167,-0.22784999999998945
167,-0.17070000000001073
167,0.06695000000001983
167,0.15409999999997126
167,0.33254999999996926
167,0.400600000000054
167,0.5358499999999822
167,0.5687500000000227
167,0.6073000000000093
167,0.6741000000000668
167,0.7363500000000158
167,0.8377500000000282
167,0.8561500000000706
167,0.8989500000000135
167,0.9271499999999833
167,0.9977999999999838
167,1.0766499999999724
167,1.1356500000000551
167,1.3764999999999645
167,1.384149999999977
167,1.4475999999999658
168,-0.3088999999998805
168,0.06885000000011132
168,0.14860000000010132
168,0.16275000000007367
168,0.18250000000011823
168,0.20215000000007421
168,0.23395000000004984
168,0.2795000000000982
168,0.31805000000008476
168,0.82000000000005
168,1.4549500000000535
169,-0.462099999999964
169,-0.1830499999998665
169,-0.0879499999998643
169,-0.06494999999995343
169,-0.04849999999987631
169,0.0007500000000391083
169,0.018700000000080763
169,0.039700000000038926
169,0.04760000000010223
169,0.08490000000006148
169,0.10235000000011496
169,0.13600000000008095
169,0.25405000000012024
169,0.2961000000001377
169,0.35475000000008095
169,0.42980000000011387
169,0.4848500000000513
169,0.5614500000000362
169,0.7203000000000657
169,0.7644500000001244
169,0.864650000000097
169,1.2180000000000746
170,-0.44859999999994216
170,-0.4255999999999176
170,-0.37449999999989814
170,-0.21584999999993215
170,-0.11294999999995525
170,-0.06894999999997253
170,-0.05249999999989541
170,-0.022049999999921965
170,0.255800000000022
170,0.29245000000003074
170,0.2992500000000291
170,0.3462000000000671
170,0.38735000000008313
170,0.5704000000000633
170,0.59800000000007
170,0.700200000000109
170,0.7321500000000469
170,0.7453500000000304
170,0.7600000000001046
170,0.8124000000000251
170,0.8436000000000377
170,0.8616500000000542
170,0.8923000000000911
170,0.9243500000001177
170,0.9358500000000731
170,0.9694500000000517
170,1.2908500000000913
170,1.469000000000051
171,0.06590000000005602
171,0.2949999999999591
171,0.3261999999999716
171,0.3518500000000131
172,-0.154549999999972
172,0.2617000000000189
172,0.2815500000000384
172,0.3305000000000291
172,0.37400000000002365
172,0.4175999999999931
172,0.48204999999995835
172,0.5345999999999549
172,0.751700000000028
172,1.0247000000000526
173,-0.18144999999992706
173,-0.15579999999999927
173,-0.08854999999994106
173,0.2408500000000231
173,0.2675500000000284
173,0.3786999999999807
173,0.3955000000000837
173,0.49585000000001855
173,0.5428000000000566
173,0.5870499999999765
173,0.6027500000000146
173,0.6164999999999736
173,0.6254500000000007
173,0.6647000000000389
173,0.6762499999999818
173,0.6887500000000273
173,0.7355000000000018
173,0.7730000000000246
173,0.8256999999999834
173,0.8492499999999836
173,0.9186000000000831
173,0.9856500000000779
174,0.09330000000011296
174,0.1442500000000564
174,0.19570000000010168
174,0.25355000000001837
174,0.3688000000000784
174,0.3925000000000409
175,-0.3933000000000675
175,-0.370049999999992
175,-0.3380000000000791
175,-0.29730000000006385
175,-0.2756500000000415
175,-0.16579999999999018
175,-0.11430000000007112
175,-0.08820000000002892
175,-0.048800000000028376
175,-0.0028500000000803993
175,0.010499999999979082
175,0.17124999999998636
175,0.19534999999996217
175,0.22325000000000728
175,0.2470499999999447
175,0.27435000000002674
175,0.3283999999999878
175,0.34524999999996453
175,0.3774999999999409
175,0.42345000000000255
175,1.01400000000001
176,-0.47364999999990687
176,-0.4524499999998852
176,-0.44639999999992597
176,-0.43344999999987976
176,-0.4020499999999174
176,-0.3375499999999647
176,-0.2675499999999147
176,0.18965000000002874
176,0.25545000000010987
176,0.2702000000000453
176,0.30035000000009404
176,0.31720000000007076
176,0.3288500000001022
176,0.36410000000000764
176,0.40125000000011823
176,0.42180000000007567
176,0.457300000000032
176,0.487700000000018
176,0.566150000000107
176,0.5958500000000413
176,0.6131000000000313
176,0.626850000000104
176,0.6716500000001133
176,0.7335500000000366
176,0.7479500000000598
176,0.820250000000101
176,0.891800000000103
177,-0.25940000000002783
177,0.5403499999999894
177,0.7675000000000409
177,0.8065000000000282
177,0.9072499999999764
177,0.9515499999999975
178,-0.36199999999996635
178,-0.28919999999993706
178,0.2586000000000013
178,0.3479500000000826
178,0.4175000000000182
178,0.4662500000000591
178,0.4906500000000733
178,0.5565000000000282
178,0.8475000000000819
178,0.8854499999999916
178,1.280550000000062
178,1.3600000000000136
179,-0.4684499999999616
179,-0.4015999999999167
179,0.16375000000005002
179,0.23605000000009113
179,0.2739000000001397
180,-0.465349999999944
180,-0.46354999999994106
180,-0.32235000000002856
180,-0.28489999999999327
180,-0.23469999999997526
180,-0.2117999999999256
180,-0.15890000000001692
180,-0.004500000000007276
180,0.1811999999999898
180,0.23340000000007421
180,0.28110000000003765
180,0.3602500000000646
180,0.40399999999999636
180,0.43619999999998527
180,0.49815000000000964
180,0.5249499999999898
180,0.5550000000000637
180,0.5946999999999889
180,0.6325500000000375
180,0.7907999999999902
180,0.8183999999999969
180,1.3655499999999847
181,-0.2511499999999387
181,-0.18489999999997053
181,-0.13169999999990978
181,-0.1079499999999598
181,-0.09119999999995798
181,-0.07504999999991924
181,-0.05429999999989832
181,-0.012349999999969441
181,0.0018000000000029104
181,0.17760000000009768
181,0.2054000000000542
181,0.24774999999999636
181,0.28015000000004875
181,0.46460000000001855
181,1.35775000000001
181,1.3738500000000613
181,1.4683500000001004
181,1.494450000000029
182,-0.3447999999999638
182,-0.2736499999999751
182,-0.19764999999995325
182,-0.11225000000001728
182,0.04090000000007876
182,0.28330000000005384
182,0.324799999999982
182,0.41790000000003147
182,0.4461499999999887
182,0.4751499999999851
182,0.5175500000000284
182,0.544550000000072
182,0.5541000000000622
182,0.6132000000000062
182,0.6336499999999887
182,0.6616999999999962
182,0.7744999999999891
182,0.8016999999999825
182,0.8668999999999869
182,0.8925000000000409
182,0.9077500000000782
182,1.0053500000000213
182,1.104600000000005
182,1.2153500000000577
182,1.2423000000000002
182,1.4370499999999993
183,-0.24274999999988722
183,-0.11229999999989104
183,-0.013949999999908869
183,0.02170000000012351
183,0.06745000000012169
183,0.08710000000007767
183,0.14960000000007767
183,0.18785000000002583
183,0.2664000000000897
183,0.28890000000012606
183,0.33970000000010714
183,0.37400000000002365
183,0.39830000000006294
183,0.41675000000009277
183,0.4401500000001306
183,0.7339500000000498
183,1.3793000000000575
183,1.4215000000000373
184,-0.4425499999998692
184,-0.399599999999964
184,-0.24339999999995143
184,0.21575000000007094
184,0.24060000000008586
184,0.29015000000003965
184,0.3338500000000977
184,0.354050000000143
184,0.4372000000000753
184,0.5257000000001426
184,0.6681500000000824
184,0.6883500000001277
184,0.7413000000001375
184,0.912900000000036
184,0.9637500000001182
184,1.1180500000000393
184,1.2812500000001137
184,1.3268500000000358
184,1.4890500000001339
185,-0.280399999999986
185,-0.021500000000060027
185,0.1510999999999285
185,0.19164999999998145
185,0.20934999999997217
185,0.251700000000028
185,0.2635500000000093
185,0.28719999999998436
185,0.41689999999994143
185,0.4278500000000349
185,0.4679999999999609
185,0.49815000000000964
185,0.788599999999974
185,1.2637999999999465
186,-0.4208499999999731
186,-0.3647999999999456
186,-0.06314999999995052
186,-0.05529999999998836
186,-0.01424999999994725
186,0.028750000000059117
186,0.047000000000025466
186,0.07880000000011478
186,0.12035000000003038
186,0.14140000000008968
186,0.21335000000010496
186,0.27310000000011314
186,0.3569000000001097
186,0.38370000000008986
186,0.44985000000008313
186,0.47385000000008404
186,0.5071500000000242
186,0.5676500000000715
186,0.5955000000000155
186,0.7386000000000195
186,0.918100000000095
186,0.9429500000001099
187,-0.06939999999997326
187,-0.051799999999957436
187,0.005700000000047112
187,0.03295000000002801
187,0.09570000000007894
187,0.17860000000007403
187,0.22250000000008185
187,0.2511500000000524
187,0.2826000000000022
187,0.3793000000000575
187,0.42705000000000837
187,0.44040000000006785
187,0.8020500000000084
188,-0.19479999999998654
188,0.191599999999994
188,0.24184999999999945
188,0.2647500000000491
188,0.31015000000002146
188,0.3715499999999565
188,0.39829999999994925
188,0.4157000000000153
188,0.48860000000001946
188,0.49749999999994543
188,0.7589000000000397
188,0.8213500000000522
188,0.8610999999999649
188,0.9809999999999945
188,1.0795000000000528
188,1.4346500000000333
189,-0.46775000000002365
189,-0.38724999999999454
189,-0.33624999999995
189,-0.30119999999999436
189,0.013249999999970896
189,0.23784999999998035
189,0.24424999999996544
189,0.26464999999996053
189,0.342200000000048
189,0.366800000000012
189,0.3863499999999931
189,0.4116999999999962
189,0.4501500000000078
189,0.5002500000000509
189,0.5084500000000389
189,0.5209499999999707
189,0.5408499999999776
189,0.6814000000000533
189,0.7109500000000253
189,1.020750000000021
190,-0.46460000000001855
190,-0.4246500000000424
190,-0.38094999999998436
190,0.0038499999999430656
190,0.05510000000003856
190,0.1257500000000391
190,0.18060000000002674
190,0.20309999999994943
190,0.2078000000000202
190,0.2215999999999667
190,0.23969999999997071
190,0.35104999999998654
190,0.5777500000000373
190,1.1937500000000227
191,-0.47024999999996453
191,-0.44754999999997835
191,-0.3931999999999789
191,-0.30205000000000837
191,-0.19275000000004638
191,-0.0351500000000442
191,-0.003450000000043474
191,0.0261000000000422
191,0.047400000000038744
191,0.07714999999996053
191,0.17065000000002328
191,0.22135000000002947
191,0.23469999999997526
191,0.26559999999994943
191,0.31510000000002947
191,0.33424999999999727
191,0.3704500000000053
191,0.4188000000000329
191,0.4772500000000264
191,0.5148000000000366
191,0.5342500000000427
191,0.540300000000002
191,0.5521999999999707
191,0.5590499999999565
191,0.5720499999999902
191,0.5921500000000606
191,0.6018500000000131
191,0.6181500000000142
191,0.6303500000000213
191,0.6770999999999958
191,0.8218000000000529
191,0.8892500000000609
191,0.9348499999999831
191,0.9671500000000606
191,0.9826500000000351
191,1.0112000000000307
191,1.0662499999999682
191,1.0982000000000198
191,1.1691500000000588
191,1.208849999999984
191,1.249249999999961
192,0.35125000000005
192,0.5337000000000671
192,0.6057000000000698
192,0.6432000000000926
192,0.7302000000000817
192,0.7449000000000296
192,0.7967500000000882
192,0.8090500000000702
192,0.8243000000001075
192,0.8532000000000153
192,0.8851500000000669
192,0.9155000000000655
192,0.9982000000001108
192,1.0506500000000187
192,1.2769000000000688
192,1.3120000000000118
193,0.1962500000000773
193,0.30100000000004457
193,0.45200000000011187
193,1.3756500000000642
194,0.2950500000000602
194,0.33885000000009313
194,0.38820000000009713
194,0.5383500000000367
194,0.562050000000113
194,0.6595500000000811
194,0.7093500000000859
194,0.8927000000001044
194,0.9057000000000244
194,0.9546500000000151
194,1.0293500000000222
194,1.1133500000000822
194,1.142650000000117
194,1.1633500000000367
195,-0.11374999999998181
195,-0.008400000000051477
195,0.1925499999999829
195,0.3365999999999758
195,0.3522000000000389
195,0.3656499999999596
195,0.5013999999999896
195,0.5317000000000007
195,0.5676499999999578
195,0.5964999999999918
195,0.6771499999999833
195,0.6970999999999776
195,0.7109000000000378
195,0.7399000000000342
195,0.8355000000000246
195,0.8564000000000078
195,1.3120999999999867
195,1.403950000000009
196,0.17060000000003583
196,0.2716500000000224
196,0.35445000000004256
196,0.36360000000001946
196,0.3746999999999616
196,0.4189000000000078
196,0.48585000000002765
196,0.5071000000000367
196,0.5660500000000184
196,0.6032999999999902
196,0.6454499999999825
196,0.9313999999999396
196,1.0990000000000464
196,1.1359999999999673
196,1.1473499999999603
196,1.1950500000000375
197,0.04895000000010441
197,0.268950000000018
197,0.28740000000004784
197,0.3442000000001144
197,0.4258500000000822
197,0.4611000000001013
197,0.47935000000006767
197,0.5072500000001128
197,0.554450000000088
197,0.5779000000001133
197,0.649900000000116
198,-0.49374999999997726
198,-0.427599999999984
198,0.2589500000000271
198,0.4056000000000495
198,0.48395000000004984
198,0.5955999999999904
198,0.704050000000052
198,0.7451499999999669
198,0.8084999999999809
198,0.8268500000000358
198,0.879099999999994
199,-0.27035000000000764
199,-0.16639999999995325
199,-0.14305000000001655
199,-0.1249000000000251
199,-0.09735000000000582
199,0.06074999999998454
199,0.09249999999997272
199,0.11580000000003565
199,0.14904999999998836
199,0.2505999999999631
199,0.293549999999982
199,0.30674999999996544
199,0.3233500000000049
199,0.3363000000000511
199,0.35275000000001455
199,0.3727999999999838
199,0.45050000000003365
199,0.46185000000002674
199,0.474550000000022
199,0.4807500000000573
199,0.4960999999999558
199,0.5389000000000124
199,0.5581499999999551
199,0.5692000000000235
199,0.6014499999999998
199,0.627399999999966
199,0.6456000000000586
199,0.6888999999999896
199,0.7341499999999996
199,0.8024000000000342
199,0.8876500000000078
199,1.0629000000000133
199,1.0977000000000317
199,1.2584000000000515
199,1.4430999999999585
200,-0.2337999999999738
200,-0.17909999999994852
200,-0.0718499999999267
200,-0.033599999999978536
200,-0.015449999999873398
200,0.014400000000023283
200,0.1926500000000715
200,0.2168500000000222
200,0.24675000000002
200,0.3871000000000322
200,0.4232000000000653
200,0.44295000000010987
200,0.47440000000005966
200,0.5420500000001311
201,-0.4239000000000033
201,-0.26024999999992815
201,-0.08379999999999654
201,0.03295000000002801
201,0.07685000000003583
201,0.17170000000010077
201,0.19480000000010023
201,0.2186500000000251
201,0.2694500000000062
201,0.2998499999999922
201,0.3171500000000833
201,0.333150000000046
201,0.3638500000000704
201,0.44945000000006985
201,0.46345000000007985
201,0.47840000000007876
201,0.4944000000000415
201,0.51400000000001
201,0.5352000000000317
201,0.5776000000000749
201,0.585700000000088
201,0.6179000000000769
201,0.6509000000000924
201,0.6709000000000742
201,0.6927500000000464
201,0.7238000000000966
201,0.7466500000000451
201,0.7942500000000337
201,0.8199500000000626
201,0.8818500000000995
201,0.9552500000000919
201,0.9905500000000984
201,1.006650000000036
201,1.4786000000000286
202,-0.1594999999998663
202,-0.02624999999989086
202,-0.00479999999993197
202,0.014600000000086766
202,0.039350000000126784
202,0.05815000000006876
202,0.0995500000001357
202,0.1227000000001226
202,0.16945000000009713
202,0.3036500000000615
202,0.38285000000007585
202,0.40685000000007676
202,0.4927500000001146
202,0.5150000000001
202,0.5293000000000347
202,0.5737500000001319
202,1.0740500000000566
203,-0.056150000000002365
203,-0.007000000000061846
203,0.014450000000010732
203,0.03160000000002583
203,0.06614999999999327
203,0.09500000000002728
203,0.1513999999999669
203,0.163599999999974
203,0.1984499999999798
203,0.22349999999994452
203,0.25204999999994016
203,0.2690499999999929
203,0.28404999999997926
203,0.3038999999999987
203,0.39895000000001346
203,0.4216000000000122
203,0.47624999999993634
203,0.4947499999999536
203,0.5225000000000364
203,0.5610500000000229
203,0.5687000000000353
203,0.6011499999999614
203,0.998299999999972
203,1.3868499999999813
204,-0.46375000000000455
204,-0.42880000000002383
204,-0.37535000000002583
204,-0.36035000000003947
204,-0.3253499999999576
204,-0.30370000000004893
204,-0.21495000000004438
204,0.23045000000001892
204,0.44659999999998945
204,0.46584999999993215
204,1.453899999999976
205,-0.268799999999942
205,-0.2556999999999334
205,-0.24224999999989905
205,0.1995000000000573
205,0.2541000000001077
205,0.33065000000010514
205,0.3491500000001224
205,0.3652000000000726
205,0.3881500000001097
205,0.4188000000000329
205,1.2953500000000986
206,-0.31199999999989814
206,-0.2420999999999367
206,-0.1778999999999087
206,-0.016999999999939064
206,0.029100000000084947
206,0.3165000000001328
206,0.46640000000013515
206,0.49110000000007403
207,-0.4311000000000149
207,-0.3734000000000606
207,-0.3563500000000204
207,-0.3333499999999958
207,0.31285000000002583
207,0.3517500000000382
207,0.40639999999996235
207,0.4274000000000342
207,0.4497000000000071
207,0.4743499999999585
207,0.5040500000000065
207,0.5304499999999734
207,0.7781499999999824
207,0.7975000000000136
207,0.8849999999999909
207,0.9685500000000502
207,1.0929499999999734
208,-0.4046499999999469
208,-0.3369999999999891
208,-0.14445000000000618
208,-0.07544999999993252
208,0.0130500000000211
208,0.03725000000008549
208,0.07010000000002492
208,0.0916500000000724
208,0.1207000000000562
208,0.15115000000002965
208,0.18095000000005257
208,0.1903500000000804
208,0.20929999999998472
208,0.22530000000006112
208,0.23595000000000255
208,0.2573500000000877
208,0.2752500000000282
208,0.29615000000001146
208,0.3654500000000098
208,0.3883500000000595
208,0.42040000000008604
208,0.48575000000005275
208,0.600400000000036
208,0.7038499999999885
208,0.7204000000000406
208,0.7495499999999993
208,0.9886999999999944
209,-0.476949999999988
209,-0.45659999999998035
209,-0.40764999999998963
209,-0.2813499999999749
209,0.2956500000000233
209,0.31790000000000873
209,0.364400000000046
209,0.3773500000000922
209,0.39125000000001364
209,0.4436000000000604
209,0.5063499999999976
209,0.5243000000000393
209,0.5547000000000253
209,0.5832500000000209
209,0.6041999999999916
209,0.6182000000000016
209,0.7087500000000091
209,0.875850000000014
209,1.0899500000000444
209,1.1394000000000233
209,1.1596000000000686
209,1.2546000000000959
210,-0.4914499999998725
210,-0.039899999999875035
210,0.0039000000000442014
210,0.07360000000005584
210,0.15455000000008567
210,0.19685000000004038
210,0.21735000000012406
210,0.24565000000006876
210,0.25985000000002856
210,0.3562500000000455
210,0.779950000000099
210,0.9010000000000673
210,0.9107000000001335
211,-0.17745000000002165
211,-0.07519999999999527
211,-0.05205000000000837
211,-0.028800000000046566
211,-0.011399999999980537
211,0.006049999999959255
211,0.03129999999998745
211,0.08064999999999145
211,0.11860000000001492
211,0.15174999999999272
211,0.15989999999999327
211,0.2348500000000513
211,0.37475000000006276
211,0.3967999999999847
211,0.4251000000000431
211,0.5079000000000633
211,0.5276000000000067
211,0.5727000000000544
211,0.6148000000000593
211,0.6915500000000065
211,0.8132000000000517
211,0.8344500000000608
211,0.8563000000000329
211,0.9105500000000575
211,1.061749999999961
211,1.2253000000000611
212,-0.4300999999999249
212,-0.41029999999989286
212,-0.13459999999986394
212,-0.05029999999987922
212,-0.04224999999996726
212,0.1730000000001155
212,0.20365000000003874
212,0.23220000000003438
212,0.2578000000000884
212,0.2711500000000342
212,0.3064000000000533
212,0.38655000000005657
212,0.40980000000013206
212,0.43210000000010496
212,0.48830000000009477
212,0.509200000000078
212,0.53225000000009
212,0.5649500000000671
212,0.586550000000102
212,0.6397500000000491
212,0.6702000000001362
212,0.7066500000000815
212,0.7625500000000329
212,0.7962500000001
212,0.8486500000001342
212,0.8761500000000524
212,0.8947500000000446
212,0.91800000000012
212,1.161450000000059
212,1.2199000000000524
212,1.2531500000001188
212,1.3393000000000939
213,-0.42420000000004165
213,-0.11355000000003201
213,-0.07444999999995616
213,0.22315000000003238
213,0.24384999999995216
213,0.32285000000001673
213,0.4126499999999851
213,0.4334999999999809
213,0.47545000000002346
213,0.5351500000000442
213,0.5941000000000258
213,0.6952499999999873
213,0.8275499999999738
213,0.9102000000000317
213,1.2686499999999796
214,-0.3007000000000062
214,-0.28274999999996453
214,-0.25329999999996744
214,-0.22574999999994816
214,-0.13779999999997017
214,-0.06910000000004857
214,-0.04290000000003147
214,0.22514999999998508
214,0.24320000000000164
214,0.26130000000000564
214,0.34284999999999854
214,0.4013999999999669
214,0.4165500000000293
214,0.4562499999999545
214,0.48945000000003347
214,0.5216500000000224
214,0.5515500000000202
214,0.8563000000000329
214,0.9152000000000271
214,0.9856999999999516
214,1.489500000000021
215,-0.008199999999874308
215,0.07015000000012606
215,0.09105000000010932
215,0.11030000000005202
215,0.12130000000001928
215,0.13430000000005293
215,0.1591000000000804
215,0.211400000000026
215,0.25050000000010186
215,0.2704500000000962
215,0.2807000000000244
215,0.3078500000000304
215,0.32215000000007876
215,0.3332500000000209
215,0.34255000000007385
215,0.3773500000000922
215,0.40170000000011896
215,0.4634000000000924
215,0.48555000000010295
215,0.5449000000000979
215,0.5665000000000191
215,0.596300000000042
215,0.6321500000000242
215,0.6518500000000813
215,0.7108000000000629
215,0.7252000000000862
215,0.766550000000052
215,0.7878500000000486
215,0.801050000000032
215,0.8158500000000686
215,0.849550000000022
215,1.1066000000000713
215,1.1400500000000875
215,1.4402500000001055
216,-0.45735000000001946
216,-0.017249999999989996
216,0.029899999999997817
216,0.06780000000003383
216,0.15430000000003474
216,0.17870000000004893
216,0.22415000000000873
216,0.28624999999999545
216,0.3046000000000504
216,0.348700000000008
216,0.5018499999999904
216,1.0608500000000731
216,1.357650000000035
217,-0.44344999999998436
217,-0.40345000000002074
217,-0.33559999999999945
217,-0.28994999999997617
217,-0.262299999999982
217,-0.0404999999999518
217,0.07585000000005948
217,0.23525000000006457
217,0.3113500000000613
217,0.33969999999999345
217,0.3626000000000431
217,0.4019500000000562
217,0.550200000000018
218,-0.49509999999997945
218,-0.41849999999988086
218,-0.2640999999999849
218,-0.007199999999897955
218,0.003300000000081127
218,0.028050000000121145
218,0.13705000000004475
218,0.21735000000012406
218,0.26870000000008076
218,0.2930500000001075
218,0.3209000000000515
218,0.3563000000000329
218,0.3785000000000309
218,0.3988000000000511
218,0.44105000000001837
218,0.4700000000000273
218,0.505950000000098
218,0.5669000000000324
218,0.6022500000000264
218,0.6296500000000833
218,0.6716000000001259
218,0.6861500000001115
218,0.7141000000000304
218,0.7666000000000395
218,0.9332000000000562
219,-0.15209999999990487
219,-0.06554999999991651
219,0.010000000000104592
219,0.04170000000010532
219,0.0775500000000875
219,0.1107000000000653
219,0.14600000000007185
219,0.16610000000002856
219,0.21520000000009532
219,0.26660000000003947
219,0.7544000000000324
219,0.8692000000000917
220,-0.04129999999986467
220,0.1499500000001035
220,0.34685000000013133
220,0.4063500000000886
220,0.4572000000000571
220,0.4775000000000773
220,0.5082500000000891
220,0.524900000000116
220,0.548050000000103
220,0.5752500000000964
220,0.590050000000133
220,0.6233000000000857
220,0.7003500000000713
220,0.7380000000000564
220,0.7816000000001395
220,0.8117500000000746
220,0.8245500000000447
220,0.84475000000009
220,0.8841000000001031
220,1.0435500000000957
220,1.2067500000000564
221,-0.17660000000000764
221,-0.13464999999996508
221,-0.11180000000001655
221,-0.07664999999997235
221,-0.05809999999996762
221,-0.03665000000000873
221,0.037900000000036016
221,0.07344999999997981
221,0.089650000000006
221,0.12270000000000891
221,0.22940000000005512
221,0.273900000000026
221,0.31970000000001164
221,0.5038500000000568
221,0.9484499999999798
221,1.1663499999999658
221,1.1983999999999924
221,1.3051000000000386
222,-0.3710999999999558
222,0.1268000000000029
222,0.15165000000001783
222,0.21199999999998909
222,0.2324500000000853
222,0.26480000000003656
222,0.27490000000000236
222,0.33550000000002456
222,0.37905000000000655
222,0.4668500000000222
222,0.48554999999998927
222,0.5123500000000831
222,0.53550000000007
222,0.5742000000000189
222,0.8493500000000722
222,0.8551499999999805
222,0.9225000000000136
222,0.971300000000042
222,1.1189500000000407
222,1.1869500000000244
222,1.2236500000000206
223,-0.13279999999986103
223,0.21115000000008877
223,0.25615000000004784
223,0.2900000000000773
223,0.3099000000000842
223,0.32340000000010605
223,0.34790000000009513
223,0.36600000000009913
223,0.4144500000001017
223,0.4771500000000515
223,0.4932000000001153
223,0.5093000000000529
223,0.6116000000000668
223,0.6464000000000851
223,0.6867500000000746
223,1.0818500000000313
223,1.1291000000001077
223,1.2909500000000662
223,1.3277000000000498
224,0.3315499999999929
224,0.34770000000003165
224,0.360300000000052
224,0.41060000000004493
224,0.45175000000006094
224,1.344850000000065
224,1.4494500000000698
225,0.0544999999999618
225,0.0887000000000171
225,0.10945000000003802
225,0.20815000000004602
225,0.27994999999998527
225,0.30245000000002165
225,0.4415000000000191
225,0.4806499999999687
225,0.5942499999999882
225,0.6579000000000406
225,0.6701500000000351
225,0.6916499999999814
225,0.7337499999999864
225,0.7645499999999856
225,0.8015000000000327
225,0.9778499999999894
225,1.1189000000000533
225,1.3179999999999836
226,-0.28215000000000146
226,-0.05229999999994561
226,-0.006049999999959255
226,0.006449999999972533
226,0.05415000000004966
226,0.0666999999999689
226,0.12445000000002437
226,0.22905000000002929
226,0.2625000000000455
226,0.30885000000000673
226,0.33330000000000837
226,0.36694999999997435
226,0.4409500000000435
226,0.45490000000006603
226,0.9422500000000582
226,1.112799999999993
226,1.2635999999999967
226,1.3169500000000198
226,1.339900000000057
226,1.3902500000000373
226,1.4427500000000464
226,1.460450000000037
226,1.4824499999999716
227,0.2740000000001146
227,0.3525000000000773
227,0.38000000000010914
227,0.46020000000009986
227,0.48805000000004384
227,0.5251500000000533
227,0.6078500000000986
227,0.9599500000000489
227,1.0849000000000615
227,1.1603000000001202
227,1.2087000000000216
227,1.41050000000007
227,1.4769000000001142
228,-0.010299999999915599
228,0.10150000000010095
228,0.21485000000006949
228,0.35085000000003674
228,0.4356000000001359
228,0.45745000000010805
228,0.46630000000004657
228,0.47965000000010605
228,0.5320500000000266
229,-0.0006499999999505235
229,0.03264999999998963
229,0.06470000000001619
229,0.0894500000000562
229,0.16430000000002565
229,0.2103500000000622
229,0.282950000000028
229,0.3129999999999882
229,0.4447499999999991
229,0.4606500000001006
229,0.4970500000000584
229,0.5106500000000551
229,0.5319500000000517
229,0.5424000000000433
229,0.5858500000000504
229,1.0611499999999978
229,1.1464000000000851
230,-0.4619000000000142
230,-0.27909999999997126
230,0.1450999999999567
230,0.2168500000000222
230,0.2843000000000302
230,0.32650000000001
230,0.334699999999998
230,0.3610999999999649
230,0.39904999999998836
230,0.4440500000000611
230,0.4805499999999938
230,0.5018499999999904
230,0.52475000000004
230,0.7623499999999694
230,1.222250000000031
230,1.370300000000043
231,-0.015399999999999636
231,0.10834999999997308
231,0.13949999999999818
231,0.17814999999995962
231,0.19495000000006257
231,0.24405000000001564
231,0.25950000000000273
231,0.29550000000006094
231,0.3072500000000673
231,0.3231500000000551
231,0.35990000000003874
231,0.38020000000005894
231,0.4198999999999842
231,0.45365000000003874
231,0.4652499999999691
231,0.4954999999999927
231,0.5274500000000444
231,0.5709000000000515
231,0.6192499999999654
231,0.6606500000000324
231,0.6964000000000397
231,0.7243499999999585
231,0.7419499999999744
231,0.7608000000000175
231,1.044499999999971
231,1.103550000000041
231,1.2998499999999922
231,1.4803000000000566
231,1.5
232,-0.12549999999998818
232,0.22820000000001528
232,0.24340000000006512
232,0.30299999999999727
232,0.32749999999998636
232,0.3462000000000671
232,0.36970000000007985
232,0.4537000000000262
232,0.5142500000000609
232,0.5362999999999829
232,0.5809500000000298
232,0.6931500000000597
232,1.31675000000007
232,1.3602000000000771
233,0.23870000000010805
233,0.3500500000000102
233,0.3719500000000835
233,0.394800000000032
233,0.7399500000000216
233,0.7775500000000193
233,0.8427500000000236
233,0.8604500000000144
233,0.8825500000000375
233,0.8979500000000371
233,0.9293500000001131
233,0.9410500000000184
233,0.9615000000001146
233,0.9813500000000204
233,1.0317500000001019
233,1.0448000000000093
233,1.0714000000000397
233,1.083750000000009
233,1.1082500000001119
233,1.1662500000001046
234,0.017950000000041655
234,0.12840000000005602
234,0.16079999999999472
234,0.19114999999999327
234,0.24459999999999127
234,0.3623499999999922
234,0.37485000000003765
234,0.38715000000001965
234,0.40049999999996544
234,0.4419500000000198
234,0.46574999999995725
234,0.5332499999999527
234,0.5991500000000087
234,0.6649999999999636
234,0.7165999999999713
235,0.067450000000008
235,0.1430000000000291
235,0.20595000000002983
235,0.2555000000000973
235,0.26340000000004693
235,0.2790500000000975
235,0.29700000000002547
235,0.31395000000009077
235,0.39610000000004675
235,0.4419500000000198
235,0.4525500000000875
235,0.5072499999999991
235,0.5246000000000777
235,0.5700500000000375
235,1.2309999999999945
235,1.3650499999999965
235,1.4673500000000104
236,-0.46689999999989595
236,-0.39409999999986667
236,-0.35704999999995835
236,-0.3181999999999334
236,-0.28084999999987303
236,-0.21739999999988413
236,-0.10094999999989795
236,-0.07724999999993543
236,-0.025949999999966167
236,-0.0026999999998906787
236,0.018000000000029104
236,0.05110000000013315
236,0.10230000000012751
236,0.1198500000000422
236,0.14150000000006457
236,0.1904500000000553
236,0.21765000000004875
236,0.25215000000002874
236,0.27090000000009695
236,0.29330000000004475
236,0.30900000000008276
236,0.3515500000000884
236,0.5378500000000486
236,0.6191500000001042
236,0.727100000000064
236,0.8066500000001042
236,0.8455000000001291
236,0.9693000000000893
236,1.0475000000001273
236,1.124550000000113
236,1.1944500000000744
236,1.2375500000000557
236,1.2898000000001275
236,1.3482000000001335
236,1.364500000000021
236,1.399900000000116
236,1.4976500000000215
237,0.03540000000009513
237,0.28530000000012024
237,0.3543000000000802
237,0.5458500000000868
237,0.7392000000000962
237,0.8124500000001262
237,0.8568500000001222
237,1.2839000000001306
237,1.4456500000001142
238,-0.3654999999998836
238,-0.2410499999998592
238,0.05270000000007258
238,0.16280000000006112
238,0.23300000000006094
238,0.3124000000001388
238,0.3195500000000493
238,0.34550000000012915
238,0.3634500000000571
238,0.3873000000000957
238,0.42915000000004966
238,0.4493000000001075
238,0.48890000000005784
238,0.4979000000000724
238,0.5195000000001073
238,0.5485000000001037
238,0.5761000000001104
238,0.63675000000012
238,0.6736000000000786
238,0.7202500000000782
238,0.7996000000000549
238,1.0049000000001342
239,-0.018400000000042382
239,0.14324999999996635
239,0.18955000000005384
239,0.2379999999999427
239,0.24649999999996908
239,0.2557000000000471
239,0.2749499999999898
239,0.30600000000004
239,0.32129999999995107
239,0.3470999999999549
239,0.3596499999999878
239,0.3804499999999962
239,0.39305000000001655
239,0.4020500000000311
239,0.4147000000000389
239,0.4278500000000349
239,0.4600000000000364
239,0.46900000000005093
239,0.4915499999999611
239,0.5194000000000187
239,0.5345499999999674
239,0.5975999999999431
239,0.62175000000002
239,0.6563499999999749
239,0.6788500000000113
239,0.7078999999999951
239,0.7255000000000109
239,0.7374999999999545
239,0.7735500000000002
239,0.7828500000000531
239,0.7993999999999915
239,0.8186500000000478
239,0.8412499999999454
239,0.8623499999999922
239,0.8931499999999915
239,0.9298999999999751
239,1.027749999999969
239,1.051050000000032
239,1.0734499999999798
239,1.0808499999999412
239,1.1074499999999716
239,1.1254999999999882
239,1.1441999999999553
239,1.1572499999999764
239,1.453800000000001
239,1.4715999999999667
240,-0.23689999999999145
240,0.385599999999954
240,0.40639999999996235
240,0.4292000000000371
240,0.48910000000000764
240,0.508199999999988
240,0.5225000000000364
240,0.5379500000000235
240,0.6113500000000158
240,1.2957999999999856
241,-0.21859999999992397
241,-0.12924999999995634
241,-0.11284999999986667
241,-0.08634999999992488
241,-0.04514999999992142
241,0.005400000000122418
241,0.021200000000135333
241,0.07895000000007713
241,0.09420000000011441
241,0.10130000000003747
241,0.1410000000000764
241,0.22890000000006694
241,0.32000000000005
241,0.3796500000000833
241,0.4149000000001024
241,0.45260000000007494
241,0.48880000000008295
241,0.5776500000000624
241,0.5979500000000826
241,0.6595500000000811
241,0.6832500000000437
241,0.7204000000000406
241,0.7975500000001148
241,0.8824500000000626
241,0.9002500000000282
241,0.904850000000124
241,0.9314000000000533
241,0.9576000000000704
241,0.9908000000000357
241,1.434150000000045
242,-0.26699999999993906
242,-0.24279999999987467
242,-0.15489999999988413
242,0.14010000000007494
242,0.333150000000046
242,0.3696500000000924
242,0.37990000000002055
242,0.4097500000000309
242,0.4783500000000913
242,0.4860000000001037
242,0.5074500000000626
242,0.5151500000000624
242,0.5542500000000246
242,0.6322000000001253
242,0.8938500000000431
243,-0.04755000000000109
243,0.5308500000001004
243,0.5474000000000387
243,0.6626500000000988
243,0.7164999999999964
243,0.8009500000000571
243,0.9338500000000067
243,1.0511000000000195
243,1.0604500000000598
243,1.3928000000000793
244,0.03950000000008913
244,0.1953000000000884
244,0.21520000000009532
244,0.27680000000009386
244,0.2975500000001148
244,0.3425000000000864
244,0.38850000000002183
244,0.4278000000000475
244,0.4456000000000131
244,0.4862500000000409
244,0.5285000000000082
244,0.5337500000000546
244,0.5655500000000302
244,0.600400000000036
244,0.6406000000000631
245,-0.37829999999996744
245,-0.3269999999998845
245,-0.3194499999999607
245,-0.3079499999998916
245,-0.28064999999992324
245,-0.23719999999991614
245,-0.2169499999998834
245,-0.19129999999995562
245,-0.16659999999990305
245,-0.1499499999999898
245,-0.12974999999994452
245,-0.0888999999999669
245,-0.06929999999988468
245,0.2964000000000624
245,0.31845000000009804
245,0.4317000000000917
245,0.4733000000001084
245,0.7882000000000744
245,0.8134500000001026
245,0.8666000000000622
245,0.994350000000054
245,1.03875000000005
245,1.2378000000001066
246,-0.09529999999995198
246,-0.05939999999986867
246,-0.00014999999996234692
246,0.018200000000092587
246,0.028850000000034015
246,0.06385000000011587
246,0.08760000000006585
246,0.10290000000009059
246,0.12085000000013224
246,0.1469000000000733
246,0.1681500000000824
246,0.19790000000011787
246,0.21290000000010423
246,0.23355000000003656
246,0.26290000000005875
246,0.3136500000000524
246,0.3304000000000542
246,0.35075000000006185
246,0.3843500000000404
246,0.42535000000009404
246,0.4784500000000662
246,0.49405000000012933
246,0.5201000000000704
246,0.5434000000001333
246,0.5610000000000355
246,0.5824000000001206
246,0.6215000000000828
246,0.6394500000001244
246,0.6644500000001017
246,0.6973000000000411
246,0.7218000000001439
246,0.7541000000001077
246,0.773450000000139
246,0.8362000000000762
246,0.8717500000001337
246,0.9249000000000933
246,0.9448500000000877
246,0.9990500000001248
246,1.1264000000001033
246,1.1495000000001028
246,1.187650000000076
246,1.225550000000112
246,1.3989500000001271
246,1.4253000000001066
247,0.3380000000000791
247,0.3713000000000193
247,0.48640000000011696
247,0.6689000000000078
247,0.6918500000000449
247,0.7237500000001091
247,0.7672000000001162
247,0.7885000000001128
247,0.8114000000000487
247,0.8473000000000184
247,0.8795500000001084
247,0.907100000000014
247,0.9281500000000733
247,0.9553500000000668
247,0.998700000000099
247,1.038050000000112
247,1.1280500000000302
247,1.2064000000000306
247,1.253500000000031
247,1.3457500000000664
248,0.1300499999999829
248,0.16550000000006548
248,0.23720000000002983
248,0.26575000000002547
248,0.29700000000002547
248,0.32974999999999
248,0.37599999999997635
248,0.7538000000000693
248,0.9072499999999764
248,1.3741999999999734
248,1.4221499999999878
249,0.23445000000003802
249,0.24235000000010132
249,0.3182000000000471
249,0.33495000000004893
249,0.4135000000001128
249,0.4726500000000442
249,0.48765000000003056
249,0.5162000000001399
249,0.5649000000000797
249,0.6060000000001082
249,0.6874000000001388
249,0.7652500000000373
249,0.7991000000000668
249,0.8252500000000964
249,0.9063500000000886
249,0.9254500000000689
249,1.0794000000000779
249,1.1723500000000513
250,0.14535000000000764
250,0.1711999999999989
250,0.24620000000004438
250,0.3062000000001035
250,0.33885000000009313
250,0.36725000000001273
250,0.4196000000000595
250,0.4575000000000955
250,1.2234000000000833
251,-0.19005000000004202
251,0.20735000000001946
252,0.2874500000000353
252,0.4124500000000353
252,0.4274000000000342
252,0.4470499999999902
252,0.4637000000000171
252,0.49964999999997417
252,0.5202000000000453
252,0.5217499999999973
252,0.5711999999999762
252,0.6168999999999869
252,0.6539999999999964
252,0.6629500000000235
252,0.6744999999999663
252,0.6951999999999998
252,0.7043999999999642
252,0.722150000000056
252,0.7534500000000435
252,0.801050000000032
252,0.8527500000000146
252,0.8728499999999713
252,0.8958999999999833
252,0.9522500000000491
252,1.002399999999966
252,1.0999500000000353
252,1.1326999999999998
252,1.2291500000000042
252,1.2380000000000564
252,1.267400000000066
253,-0.07089999999993779
253,0.08045000000004165
253,0.12170000000014625
253,0.2530500000001439
253,0.4090000000001055
253,0.717200000000048
253,1.3134500000001026
253,1.3329000000001088
254,-0.27074999999990723
254,-0.19754999999986467
254,0.25030000000015207
254,0.2839000000001306
254,0.35295000000007803
254,0.39285000000006676
254,0.434650000000147
254,0.501250000000141
254,0.6026500000000397
254,0.9880500000000438
254,1.255950000000098
254,1.433800000000133
255,-0.31349999999986267
255,-0.14579999999989468
255,-0.07284999999990305
255,0.038250000000061846
255,0.05215000000009695
255,0.15075000000013006
255,0.1689000000001215
255,0.26025000000004184
255,0.2688500000000431
255,0.3162000000000944
255,0.3440500000000384
255,0.3516500000000633
255,0.4000500000000784
255,0.42365000000006603
255,0.45070000000009713
255,0.46650000000011005
255,0.49120000000004893
255,0.5106000000000677
255,0.5522500000000719
255,0.5849500000000489
255,0.6087000000001126
255,0.656400000000076
255,0.6628000000000611
255,0.6807000000001153
255,0.706600000000094
255,0.7317500000000337
255,0.7543500000000449
255,0.8481500000000324
255,0.8627500000001191
255,0.8829500000000507
255,0.967200000000048
255,1.3393000000000939
255,1.4333500000001322
256,0.3605000000001155
256,0.37125000000003183
256,0.3955500000000711
256,0.42020000000013624
256,0.4493000000001075
256,0.4669000000001233
256,0.4954000000001315
256,0.5220000000000482
256,0.5500000000000682
256,0.5847500000000991
256,0.5987000000001217
256,0.6206000000000813
256,0.6445500000000948
256,0.7029500000001008
256,0.7247500000000855
256,0.784900000000107
256,0.8258500000000595
256,1.0507500000001073
256,1.1552000000000362
256,1.2143000000000939
256,1.371050000000082
257,0.0877500000000282
257,0.11540000000002237
257,0.26225000000010823
257,0.37925000000007003
257,0.44810000000006767
257,0.6076500000000351
257,0.685350000000085
257,0.7128500000001168
257,0.8156000000000176
257,0.9609500000000253
257,0.9740500000000338
257,1.0814000000000306
257,1.3046500000000378
257,1.390950000000089
257,1.4678500000001122
257,1.499900000000025
258,0.2927000000000817
258,0.3125000000001137
258,0.3366000000000895
258,0.3519500000001017
258,0.3751000000000886
258,0.49120000000004893
258,0.6049500000001444
258,0.619600000000105
258,0.6557500000001255
258,0.7694000000001324
258,0.9074000000000524
258,0.9698500000000649
258,1.454050000000052
258,1.4774000000001024
259,0.35885000000007494
259,0.4105500000000575
259,0.4463500000000522
259,0.5454500000000735
259,1.0326500000001033
259,1.3519000000001142
259,1.4386500000000524
260,-0.4837999999999738
260,0.2831500000000915
260,0.3851000000000795
260,0.4340500000000702
260,0.47270000000003165
260,0.541300000000092
260,0.5766000000000986
260,0.7497500000000628
260,1.1245000000001255
261,-0.0858499999999367
261,-0.017949999999927968
261,0.12205000000005839
261,0.16775000000006912
261,0.3032500000000482
261,0.3254500000000462
261,0.35380000000009204
261,0.36905000000012933
261,0.4325500000001057
261,0.44450000000006185
261,0.46270000000015443
261,0.4836000000001377
261,0.5228000000000748
261,0.5320500000001402
261,0.5786500000001524
261,0.6112000000000535
261,0.624300000000062
261,0.647600000000125
261,0.6718500000000631
261,0.730600000000095
261,0.8596500000001015
261,1.0699500000000626
261,1.220850000000155
261,1.2619000000000824
262,-0.49964999999997417
262,-0.39789999999993597
262,-0.23635000000001583
262,0.27845000000002074
262,0.3176500000000715
262,0.3295500000000402
262,0.37999999999999545
262,0.4487500000000182
262,0.5036499999999933
262,0.5321999999999889
262,0.6118999999999915
262,0.7070499999999811
262,0.7856000000000449
263,-0.20384999999998854
263,-0.17669999999998254
263,-0.15440000000000964
263,-0.06515000000001692
263,0.035449999999968895
263,0.04619999999999891
263,0.4119500000000471
263,0.8938500000000431
263,1.307700000000068
264,-0.046699999999987085
264,0.05490000000008877
264,0.06680000000005748
264,0.09310000000004948
264,0.15925000000004275
264,0.17475000000001728
264,0.19290000000000873
264,0.23720000000002983
264,0.3006000000000313
264,0.5040500000000065
264,0.5416500000000042
264,1.1731000000000904
265,0.30034999999998035
265,0.36990000000002965
265,0.3982499999999618
265,0.44534999999996217
265,0.4841000000000122
265,0.5048500000000331
265,0.5292500000000473
265,0.5497500000000173
265,0.5877500000000282
265,0.6091499999999996
265,0.6352500000000418
265,0.6470500000000357
265,0.6630499999999984
265,0.6724500000000262
265,0.6885499999999638
265,0.69825000000003
265,0.7226000000000568
265,0.7423499999999876
265,0.7648000000000366
265,0.7788000000000466
265,0.7942500000000337
265,0.8123000000000502
265,0.8352999999999611
265,0.8736000000000104
265,0.9040999999999713
265,0.9215500000000247
265,0.9486500000000433
265,0.9877999999999929
265,1.0358999999999696
265,1.105350000000044
265,1.207149999999956
265,1.4832000000000107
266,0.3613500000001295
266,0.5043500000000449
266,0.5574000000001433
266,0.5797000000001162
266,0.6025000000000773
266,0.6224500000000717
266,0.6604500000000826
266,0.7177500000001373
266,0.7538000000000693
266,0.7946000000000595
266,0.8167000000000826
266,0.8627500000001191
266,0.914000000000101
266,0.9968500000001086
266,1.0193000000000438
266,1.0658000000000811
266,1.4182500000000573
266,1.4348500000000968
267,0.09249999999997272
267,0.11824999999998909
267,0.14549999999997
267,0.16324999999994816
267,0.19124999999996817
267,0.31359999999995125
267,0.6479000000000497
268,-0.41504999999995107
268,-0.3790000000000191
268,0.22040000000004056
268,0.2477999999999838
268,0.26004999999997835
268,0.275449999999978
268,0.2922999999999547
268,0.3178500000000213
268,0.3328999999999951
268,0.41494999999997617
268,0.43010000000003856
268,0.4425499999999829
268,0.472849999999994
268,0.4907500000000482
268,0.5397000000000389
268,0.5579999999999927
268,0.5988499999999704
268,0.8164000000000442
269,-0.22349999999994452
269,-0.13354999999990014
269,-0.11149999999986449
269,-0.06914999999992233
269,0.026550000000042928
269,0.0826000000000704
269,0.1066000000000713
269,0.1327000000001135
269,0.1711000000001377
269,0.19775000000004184
269,0.21880000000010114
269,0.2699000000001206
269,0.5934000000000879
269,0.932700000000068
270,-0.21334999999987758
270,0.1186000000001286
270,0.15000000000009095
270,0.18980000000010477
270,0.24205000000006294
270,0.2854500000000826
270,0.3285000000000764
270,0.539600000000064
271,-0.3013499999999567
271,-0.21879999999998745
271,0.27540000000010423
271,0.32960000000002765
271,0.4969500000000835
271,0.7016000000000986
271,1.0488000000000284
272,-0.20134999999993397
272,-0.14804999999989832
272,0.06580000000008113
272,0.15190000000006876
272,0.17665000000010878
272,0.22860000000014224
272,0.2886500000000751
272,0.38980000000003656
272,0.4781500000001415
272,0.634200000000078
272,0.6866500000000997
272,0.8707500000000437
272,1.4769000000001142
273,-0.19714999999996508
273,-0.03554999999994379
273,0.3198000000001002
273,0.3340500000000475
273,0.36515000000008513
273,0.39370000000008076
273,0.4398000000001048
273,0.458150000000046
273,0.4662500000000591
273,0.4801000000001068
273,0.504500000000121
273,0.5518500000000586
273,0.576050000000123
273,0.6258500000001277
273,0.6765000000000327
273,0.6929500000001099
273,0.7254500000001372
273,0.7942000000000462
273,0.8239500000000817
273,0.843900000000076
273,0.8570000000000846
273,0.9263500000000704
273,0.9443500000000995
273,0.968900000000076
273,0.9956000000000813
273,1.0156500000000506
273,1.0329000000000406
273,1.0522500000000719
273,1.0943500000000768
273,1.125250000000051
273,1.14975000000004
273,1.1743500000001177
273,1.2036500000000387
273,1.2375000000000682
273,1.2736500000000888
273,1.3018500000000586
273,1.3174000000001342
273,1.3526500000000397
273,1.4142000000000507
274,-0.3249999999999318
274,-0.29244999999991705
274,-0.27919999999994616
274,-0.24649999999996908
274,-0.196550000000002
274,-0.16794999999990523
274,-0.1443499999999176
274,-0.12954999999999472
274,-0.11639999999999873
274,-0.08289999999999509
274,-0.055099999999924876
274,0.21005000000002383
274,0.2375000000000682
274,0.2807500000000118
274,0.3247000000000071
274,0.3620500000000675
274,0.37515000000007603
274,0.419399999999996
274,0.44945000000006985
274,0.46900000000005093
274,0.4906500000000733
274,0.5277000000000953
274,0.6026500000000397
275,-0.10589999999990596
275,0.09530000000006567
275,0.1614000000000715
275,0.2347500000000764
275,0.39855000000011387
275,0.4349000000000842
275,0.5128500000000713
275,0.9036500000000842
275,1.2621000000001459
276,-0.3272500000000491
276,-0.01340000000004693
276,0.029250000000047294
276,0.08124999999995453
276,0.1360499999999547
276,0.22040000000004056
276,0.29150000000004184
276,0.5544999999999618
276,0.8111499999999978
276,0.8278000000000247
276,1.0570999999999913
276,1.134149999999977
276,1.178549999999973
276,1.2853000000000065
277,0.34360000000003765
277,0.37740000000007967
277,0.4046500000000606
277,0.48745000000008076
277,0.5081000000000131
277,0.5486000000000786
277,0.6075500000000602
277,0.9290000000000873
277,1.0443500000000085
277,1.4639000000000806
278,-0.18939999999986412
278,0.03070000000013806
278,0.3721500000000333
278,0.400600000000054
278,0.43440000000009604
278,0.4949500000001308
278,0.5601500000001352
278,0.5763000000000602
278,0.6729500000001281
278,0.7275000000000773
279,-0.49929999999994834
279,-0.3813999999999851
279,0.31455000000005384
279,0.3292500000000018
279,0.3725000000000591
279,0.40944999999999254
279,0.46875
279,0.4858000000000402
279,0.49670000000003256
279,0.5053000000000338
279,0.5721500000000788
279,0.6254500000000007
279,0.6741000000000668
279,1.2095000000000482
280,0.33065000000010514
280,0.35705000000007203
280,0.3942500000000564
280,0.4213000000000875
280,0.44965000000013333
280,0.4709000000001424
280,0.4972500000001219
280,0.5235500000001139
280,0.5502000000001317
280,0.561100000000124
280,0.6628500000000486
280,0.8000500000000557
280,0.8297500000001037
280,0.8489000000000715
280,0.8797500000000582
280,0.9464000000001533
280,0.9620500000000902
280,1.3507500000000618
281,-0.11040000000002692
281,-0.10334999999997763
281,-0.08090000000004238
281,-0.06204999999999927
281,-0.03684999999995853
281,-0.027450000000044383
281,0.03809999999998581
281,0.07415000000003147
281,0.11000000000001364
281,0.2622000000000071
281,0.3332500000000209
281,0.3664999999999736
281,0.3793000000000575
281,0.39179999999998927
281,0.44965000000001965
281,0.4964999999999691
281,0.5398500000000013
281,0.5627000000000635
281,0.6332999999999629
281,1.221049999999991
282,-0.47069999999996526
282,0.08270000000004529
282,0.1110999999999649
282,0.1595999999999549
282,0.18304999999998017
282,0.25204999999994016
282,0.2943000000000211
282,0.32989999999995234
282,0.3368000000000393
282,0.35315000000002783
282,0.448099999999954
282,0.5327499999999645
282,0.6670500000000175
282,1.0693999999999733
283,-0.2932500000000573
283,-0.2196999999999889
283,-0.08950000000004366
283,-0.06584999999995489
283,-0.050650000000018736
283,-0.025150000000053296
283,0.01094999999997981
283,0.04004999999995107
283,0.057599999999979445
283,0.09014999999999418
283,0.10569999999995616
283,0.15380000000004657
283,0.19565000000000055
283,0.3040999999999485
283,0.3212499999999636
283,0.3763500000000022
283,0.4140499999999747
283,0.4327499999999418
283,0.46555000000000746
283,0.4960999999999558
283,0.5180500000000166
283,0.5902499999999691
283,0.6041000000000167
283,0.636449999999968
283,0.6475500000000238
283,0.6706500000000233
283,0.6955500000000256
283,0.7231000000000449
283,0.7359500000000025
283,0.7446499999999787
283,0.7570500000000493
283,0.9142000000000507
283,1.0848499999999603
283,1.1593500000000176
284,-0.4505499999999074
284,-0.16519999999991342
284,0.2850500000000693
284,0.3366000000000895
284,0.34340000000008786
284,0.3683000000000902
284,0.391550000000052
284,0.43630000000007385
284,0.4739000000000715
284,0.5017500000001291
284,0.5259000000000924
284,0.6643500000001268
284,0.6860000000001492
284,0.71975000000009
284,0.7476000000001477
284,0.7748000000001412
284,0.7949500000000853
284,0.8880000000001473
284,0.9429500000001099
284,1.1834000000001197
284,1.1974500000001171
285,-0.39809999999988577
285,-0.11124999999992724
285,-0.07424999999989268
285,0.04495000000008531
285,0.06755000000009659
285,0.12525000000005093
285,0.17620000000010805
285,0.18685000000004948
285,0.2796500000000606
285,0.29035000000010314
285,0.33005000000014206
285,0.3668000000001257
285,0.39855000000011387
285,0.43800000000010186
285,0.6648000000001275
285,1.419550000000072
286,-0.021949999999947067
286,0.14040000000011332
286,0.17365000000006603
286,0.34730000000013206
286,0.40820000000007894
286,0.6135000000000446
286,1.0148000000000366
287,0.3938500000000431
287,0.4125500000000102
287,0.42925000000002456
287,0.5172500000001037
287,1.3890500000001111
288,-0.39324999999996635
288,-0.2237999999999829
288,0.2556000000000722
288,0.36980000000005475
288,0.4148999999999887
288,0.4370999999999867
288,0.4553000000000793
288,0.4671000000000731
288,0.5210500000000593
288,0.5339999999999918
288,0.5520000000000209
288,1.2139000000000806
289,-0.24639999999999418
289,0.21670000000005984
289,0.23525000000006457
289,0.293549999999982
289,0.34969999999998436
289,0.40364999999997053
289,0.5284000000000333
289,0.6624500000000353
289,0.8471000000000686
289,0.9772000000000389
289,1.021600000000035
289,1.1246499999999742
289,1.1596000000000686
289,1.3809499999999844
289,1.4365999999999985
290,-0.45524999999997817
290,-0.3451000000000022
290,0.29949999999996635
290,0.3218500000000404
290,0.35009999999999764
290,0.36704999999994925
290,0.38125000000002274
290,0.39629999999999654
290,0.42764999999997144
290,0.4411000000000058
290,0.45164999999997235
290,0.5258999999999787
290,0.805849999999964
290,0.8963999999999714
290,1.1327499999999873
290,1.3482000000000198
290,1.3860499999999547
290,1.403850000000034
290,1.4569999999999936
290,1.4835500000000366
290,1.4998000000000502
291,0.023650000000088767
291,0.06140000000004875
291,0.13370000000008986
291,0.3217500000000655
291,0.561100000000124
291,0.5833500000001095
291,0.6494500000001153
291,0.6806000000000267
291,0.8065500000001293
291,0.8349000000000615
291,0.8616500000000542
291,1.0168500000000904
291,1.0439000000001215
291,1.1135000000000446
291,1.478050000000053
292,-0.4962999999999056
292,-0.2181999999999107
292,0.25500000000010914
292,0.3711000000000695
292,0.3869000000000824
292,0.3983500000000504
292,0.4756000000000995
292,0.4920000000000755
292,0.5061000000000604
292,0.5272000000001071
292,0.5375000000000227
292,1.0037500000000819
292,1.198500000000081
292,1.457450000000108
292,1.4956000000000813
293,-0.4778999999999769
293,-0.15764999999998963
293,0.35450000000003
293,0.45164999999997235
293,0.48109999999996944
293,0.5000499999999874
293,0.5796500000000151
293,0.6059999999999945
293,0.7431500000000142
293,0.8513500000000249
293,0.859299999999962
293,0.9832999999999856
293,1.4538499999999885
294,-0.04794999999990068
294,-0.0028999999999541615
294,0.02835000000004584
294,0.04635000000007494
294,0.0653500000000804
294,0.11824999999998909
294,0.1284499999999298
294,0.15765000000010332
294,0.18000000000006366
294,0.26195000000006985
294,0.2896499999999378
294,0.47630000000003747
294,0.7407000000000608
294,1.014699999999948
295,0.058350000000018554
295,0.13435000000004038
295,0.23264999999992142
295,0.34095000000002074
295,0.4239500000001044
295,0.4589499999999589
295,0.6021499999999378
295,1.4749500000000353
296,-0.15390000000002146
296,-0.09224999999992178
296,-0.03160000000002583
296,0.0524000000000342
296,0.09425000000010186
296,0.10954999999989923
296,0.27234999999996035
296,0.30494999999996253
296,0.3391500000000178
296,0.4808499999999185
296,0.5246500000000651
296,1.1866500000000997
297,0.2159999999998945
297,0.3146999999999025
297,0.34324999999989814
297,0.39449999999987995
297,0.4545499999999265
297,0.4939999999999145
297,0.527599999999893
297,0.5598499999998694
297,0.6479999999999109
297,0.7154000000000451
297,0.7410500000000866
297,1.3589500000000498
298,-0.033849999999802094
298,0.31795000000010987
298,0.3841500000000906
298,0.41735000000016953
298,0.49535000000014406
298,0.7393000000001848
298,0.9091500000001815
298,1.210550000000012
298,1.245350000000144
298,1.3561000000001968
298,1.4940500000000156
299,-0.1554999999998472
299,-0.07669999999984611
299,-0.03714999999988322
299,0.05935000000022228
299,0.12075000000004366
299,0.22095000000012988
299,0.2535000000000309
299,0.37190000000009604
299,0.45880000000011023
299,0.47945000000004256
299,0.4942500000001928
299,0.5109500000000935
299,0.5374000000001615
299,0.5517000000002099
299,0.5700000000001637
299,0.6106500000000779
299,0.6408000000001266
299,0.697400000000016
299,0.7282000000000153
299,0.8630500000001575
299,0.9307000000001153
299,1.1866500000000997
299,1.434650000000147
299,1.452750000000151
299,1.4672500000001492
299,1.4998000000000502
300,0.7449000000001433
300,1.1764000000000578
300,1.2477000000001226
300,1.2788500000001477
300,1.4407000000001062
301,-0.0984499999997297
301,-0.03114999999979773
301,0.04820000000017899
301,0.09510000000022956
301,0.245600000000195
301,0.29920000000015534
301,0.34425000000010186
301,0.3839500000001408
301,0.41075000000023465
301,0.4237500000001546
301,0.45240000000012515
301,0.5010500000000775
301,0.5498500000001059
301,0.5683000000001357
301,0.6256500000001779
301,0.6533000000001721
301,0.6845000000000709
301,0.7230000000001837
301,0.7533000000000811
301,0.8511500000001888
301,0.9221500000001015
301,0.9441000000001623
301,0.9835500000001502
301,1.072550000000092
301,1.107350000000224
302,-0.4775499999998374
302,-0.4404499999998279
302,-0.4070499999997992
302,-0.2862999999999829
302,-0.24254999999993743
302,-0.13819999999986976
302,-0.07224999999993997
302,0.23739999999997963
302,0.25324999999998
302,0.34750000000008185
302,0.40810000000010405
302,0.45305000000007567
302,0.47755000000006476
302,0.6949000000001888
302,0.7205000000001291
302,0.9201500000001488
302,0.9481500000001688
302,1.1130500000001575
302,1.3766000000000531
302,1.426300000000083
302,1.467200000000048
302,1.4811500000000706
302,1.4959000000001197
303,-0.30130000000008295
303,-0.2629500000000462
303,-0.23039999999991778
303,-0.1260500000000775
303,-0.10525000000006912
303,-0.08649999999988722
303,-0.07320000000004256
303,-0.040299999999888314
303,-0.027949999999918873
303,-0.014699999999947977
303,-0.0027499999998781277
303,0.03440000000000509
303,0.09799999999995634
303,0.10930000000007567
303,0.12149999999996908
303,0.13830000000007203
303,0.16610000000014224
303,0.1904500000000553
303,0.20735000000013315
303,0.21900000000005093
303,0.23520000000007713
303,0.25729999999998654
303,0.31979999999998654
303,0.333849999999984
303,0.34645000000000437
303,0.35570000000006985
303,0.4030999999999949
303,0.4500000000000455
303,0.4703500000000531
303,0.4915000000000873
303,0.5024000000000797
303,0.5142000000000735
303,0.5309500000000753
303,0.5498500000001059
303,0.5589500000000953
303,0.605350000000044
303,0.6266000000000531
303,0.6565000000000509
303,0.7048500000000786
303,0.7178000000001248
303,0.7649499999999989
303,0.8375499999999647
303,0.8566499999999451
303,0.8773000000001048
303,0.9146499999999378
303,1.0264999999999418
303,1.0977000000000317
303,1.1166000000000622
303,1.3477000000000317
303,1.3578500000000986
303,1.3972499999999854
303,1.417850000000044
303,1.4338999999999942
303,1.460550000000012
303,1.4980000000000473
304,-0.27289999999993597
304,0.008800000000064756
304,0.15785000000005311
304,0.5000999999999749
304,0.588950000000068
304,0.7132500000000164
304,1.0298499999998967
305,-0.4373000000000502
305,-0.3770999999999276
305,-0.3570999999999458
305,-0.2607499999999163
305,-0.20090000000004693
305,0.039650000000165164
305,0.3139000000001033
305,0.4700000000000273
305,0.49565000000006876
305,0.5166500000000269
305,0.5920000000000982
305,0.6835499999999683
305,0.702350000000024
305,0.758199999999988
305,0.7725500000001375
305,0.7884500000000116
305,0.844150000000127
305,0.8925000000001546
305,1.0042499999999563
305,1.0707500000000891
305,1.1069500000000971
305,1.1748999999999796
305,1.1937000000000353
305,1.2562500000001364
305,1.2738500000000386
305,1.3086500000001706
305,1.383199999999988
305,1.4082499999999527
306,-0.4131499999998596
306,-0.3682499999999891
306,-0.2927999999999429
306,0.019199999999955253
306,0.12159999999994398
306,0.2618999999999687
306,0.31970000000001164
306,0.386600000000044
306,0.4671000000000731
306,0.48185000000012224
306,0.5837000000001353
306,0.6259500000001026
306,0.6413500000001022
306,0.6919000000000324
306,0.7335000000000491
306,0.7506499999999505
306,0.7973500000000513
306,0.8351000000000113
306,0.8643999999999323
306,0.8758000000000266
306,0.9021999999999935
306,0.9623000000001412
306,0.9809500000001208
306,1.0011500000000524
306,1.0580999999999676
306,1.0747499999999945
306,1.0927500000000236
306,1.235050000000001
306,1.2541000000001077
306,1.3031499999999596
307,-0.4689499999999498
307,-0.454050000000052
307,-0.42879999999991014
307,-0.4018499999999676
307,-0.34600000000000364
307,-0.29739999999992506
307,-0.098700000000008
307,-0.04189999999994143
307,0.6321000000000367
307,0.656099999999924
307,0.7005500000000211
307,0.8655499999999847
307,0.9658500000000458
307,1.320549999999912
307,1.3790500000000065
307,1.4074499999999261
307,1.4192000000000462
307,1.478749999999991
308,-0.49604999999996835
308,-0.3804499999998825
308,-0.35124999999993634
308,-0.34029999999984284
308,-0.32254999999986467
308,-0.30475000000001273
308,-0.28739999999993415
308,-0.25969999999983884
308,-0.23164999999994507
308,-0.18229999999994106
308,-0.16374999999993634
308,-0.1268000000000029
308,-0.10969999999997526
308,-0.06825000000003456
308,-0.05269999999995889
308,-0.03199999999992542
308,0.0007000000000516593
308,0.016849999999976717
308,0.04595000000017535
308,0.08130000000005566
308,0.09635000000002947
308,0.1169999999999618
308,0.13360000000011496
308,0.1594000000000051
308,0.1794999999999618
308,0.2716000000000349
308,0.34360000000015134
308,0.38160000000016225
308,0.4069000000001779
308,0.4316000000001168
308,0.4468500000000404
308,0.47974999999996726
308,0.49710000000004584
308,0.5208999999999833
308,0.5371500000001106
308,0.5500000000001819
308,0.651299999999992
308,0.6720500000001266
308,0.6955500000001393
308,0.7248000000001866
308,0.7397000000000844
308,0.7688500000001568
308,0.7897000000000389
308,0.8510499999999865
308,0.8991499999999633
308,0.9511999999999716
308,0.9786000000001422
308,1.0487500000001546
308,1.1159000000000106
308,1.1884500000001026
308,1.2346500000001015
308,1.2641000000000986
308,1.2834000000000287
308,1.3138500000000022
308,1.3504500000001372
308,1.3830000000000382
308,1.409750000000031
308,1.4494500000000698
308,1.4631500000000415
308,1.4798000000000684
309,0.16340000000013788
309,0.44450000000006185
309,0.5512499999999818
309,0.6308500000000095
310,-0.48024999999984175
310,0.03945000000021537
310,0.5977500000001328
310,0.7133000000001175
310,0.9304000000001906
310,1.3648000000000593
310,1.4088000000001557
311,0.5047500000000582
311,0.5662500000000819
311,0.6349999999999909
311,0.6504500000000917
311,0.6765000000000327
311,0.7106499999999869
311,0.8019500000000335
311,0.9005500000000666
311,1.0458000000000993
311,1.1852499999999964
312,-0.24584999999979118
312,0.7598500000001422
312,1.188050000000203
312,1.3820000000000618
313,0.5654999999999291
313,0.7645499999998719
313,1.427599999999984
314,-0.4251499999998032
314,-0.31520000000000437
314,-0.2934499999998934
314,0.07445000000006985
314,0.40399999999999636
314,0.8309500000000298
314,0.8890499999999975
314,1.4384999999999764
314,1.4697000000001026
315,1.059150000000045
316,-0.2973500000000513
316,-0.12484999999992397
316,-0.07510000000002037
316,0.7164999999999964
316,0.7977499999999509
316,1.2161000000000968
317,-0.08510000000001128
317,0.4375999999999749
317,0.722150000000056
318,-0.47634999999991123
318,-0.46869999999989886
318,-0.443599999999833
318,0.20895000000018626
318,0.2705000000000837
318,0.30950000000007094
318,0.35950000000002547
318,0.4465500000001157
318,0.46945000000005166
318,0.4865500000000793
318,0.5641500000001543
318,0.7549000000001342
318,0.9144000000001142
318,1.0782500000000255
318,1.1130500000001575
318,1.153400000000147
318,1.3890499999999975
318,1.465599999999995
319,-0.48679999999990287
319,-0.004699999999957072
319,0.45765000000005784
319,0.5628500000000258
319,1.2170000000000982
319,1.3175000000001091
320,-0.2292499999998654
320,-0.1777999999999338
320,-0.15059999999994034
320,-0.14494999999988067
320,-0.1363499999999931
320,0.2537000000002081
320,0.36400000000003274
320,0.39475000000015825
320,1.1102000000000771
320,1.1300000000001091
321,0.7726999999999862
321,0.9567999999999302
321,0.9627499999999145
321,1.2910999999999149
321,1.4090499999999793
321,1.4620499999998628
322,0.4774000000002161
322,0.6644500000002154
322,0.7026000000000749
322,0.8188000000002376
322,0.9501000000002477
322,0.9996000000001004
323,0.5399500000000899
324,-0.3784499999999298
324,-0.32519999999999527
324,-0.25204999999982647
324,-0.1647499999999127
324,0.032500000000027285
324,0.5645500000000538
324,0.7958000000000993
324,0.8773499999999785
324,0.9336500000001706
324,0.9906499999999596
324,1.008850000000166
324,1.067850000000135
324,1.2041000000001532
324,1.213899999999967
324,1.3348499999999603
325,-0.2522999999998774
325,0.21460000000024593
325,0.36990000000014334
325,0.5378500000001623
325,0.5612500000002001
325,0.6412000000002536
325,0.7708000000002357
325,0.7772500000000946
325,1.0640500000001794
326,1.1707000000001244
326,1.3310500000000047
327,0.543250000000171
327,0.896900000000187
327,0.9625500000001921
327,1.048200000000179
327,1.0853500000000622
327,1.200950000000148
327,1.2297500000001946
327,1.3958000000002357
327,1.4248500000001059
328,-0.326799999999821
328,-0.08039999999982683
328,-0.06599999999980355
328,0.5050000000001091
328,0.5260500000001684
328,0.7971000000002277
328,0.8196500000001379
328,1.05600000000004
328,1.2599000000002434
329,0.3499000000001615
329,0.37820000000010623
329,0.48490000000015243
329,0.5590500000000702
329,0.5938499999999749
329,0.6050500000001193
329,0.6883500000001277
329,0.7714000000000851
329,0.8278999999999996
329,0.8930500000001302
329,0.9036000000000968
329,0.97524999999996
329,1.008299999999963
329,1.0276000000001204
329,1.1935000000000855
329,1.4043500000000222
330,0.41914999999994507
330,0.4354000000000724
330,0.4947500000000673
330,0.5075500000000375
330,0.5382500000000618
330,0.5561000000000149
330,0.5844999999999345
330,0.6526000000001204
330,0.676200000000108
330,0.7081000000000586
330,0.7746500000000651
330,0.7984000000001288
330,0.8289500000000771
330,0.9879000000000815
330,1.0259000000000924
330,1.1083000000000993
330,1.1888500000000022
330,1.3233000000000175
331,0.39220000000000255
331,0.5604000000000724
331,1.0730000000000928
331,1.1422000000000025
331,1.2015000000001237
332,0.5498000000000047
332,0.7514000000001033
332,0.8749499999998989
332,1.0201500000000578
332,1.3022499999999582
333,1.2337500000001
333,1.428899999999885
334,0.3632000000000062
334,0.6423999999999523
334,0.6983000000000175
334,0.7725000000000364
334,0.7986000000000786
334,0.8233000000000175
334,1.1764000000000578
335,0.07940000000007785
336,-0.18204999999989013
336,-0.09039999999981774
336,-0.05774999999994179
336,0.26855000000000473
336,0.35195000000021537
336,0.37845000000015716
336,0.3944000000001324
336,0.45590000000015607
336,0.47975000000019463
336,0.5058500000000095
336,0.5161500000001524
336,0.5385500000002139
336,0.5876000000000658
336,0.6321000000000367
336,0.8173000000001593
336,0.8707000000001699
336,0.9745500000001357
336,1.0313000000001011
337,0.19640000000003965
337,0.5926500000000487
337,0.7212500000000546
337,0.741950000000088
337,0.85550000000012
337,0.8835500000002412
337,1.3389000000001943
337,1.472150000000056
338,1.2446999999999662
338,1.3017499999998563
339,-0.4651499999999942
339,0.5562999999999647
339,0.7412500000000364
339,1.09375
340,-0.3351999999999862
340,0.3894000000000233
340,0.47154999999997926
340,0.529549999999972
340,0.7208000000000538
340,0.855600000000095
340,0.8699500000000171
340,1.0744999999999436
340,1.278150000000096
340,1.447550000000092
341,-0.4836999999999989
341,0.34334999999987303
341,0.38840000000004693
341,0.422800000000052
341,0.5822499999999309
341,0.7305999999998676
341,0.7645999999999731
341,0.9342999999998938
341,1.0354500000000826
341,1.124749999999949
341,1.187750000000051
342,0.14540000000010878
342,0.33360000000016043
342,0.3637500000002092
342,0.41010000000005675
342,0.44765000000006694
342,0.62175000000002
342,0.6630999999999858
342,0.7010999999999967
342,0.7281500000001415
342,0.8023500000001604
342,0.8604000000000269
342,0.8805500000000848
342,0.9889000000000578
342,1.0504000000000815
342,1.1479000000001633
343,-0.2437999999999647
343,0.1929499999998825
343,0.3188000000000102
343,0.4135999999998603
343,0.44014999999990323
343,0.4682999999999993
343,0.5391500000000633
343,0.5733000000000175
343,0.7578499999999622
343,0.7926499999998668
343,0.8543500000000677
343,0.8686000000000149
343,0.8925500000000284
343,0.9070500000000266
343,0.9249999999999545
343,1.019399999999905
343,1.0282999999999447
343,1.161100000000033
343,1.3280999999999494
343,1.3510499999999865
343,1.4076000000000022
343,1.4250500000000557
344,-0.2920000000001437
344,0.46260000000006585
344,0.5007000000000517
344,0.5139999999998963
344,0.5348500000000058
344,0.5856999999998607
344,0.6275000000000546
344,0.6490499999999884
344,0.8848000000000411
344,0.9198499999999967
344,0.9527000000000498
344,1.166249999999991
344,1.322400000000016
345,0.6980499999999665
345,1.4650500000000193
346,0.6191999999998643
346,0.712099999999964
346,1.2309000000000196
347,-0.08674999999993815
347,-0.028900000000021464
347,0.08504999999991014
347,0.12779999999997926
347,0.15889999999990323
347,0.19900000000006912
347,0.22585000000003674
347,0.2603999999998905
347,0.2914499999999407
347,0.4574999999999818
347,1.1007500000000618
347,1.2670000000000528
348,-0.06740000000013424
348,0.14355000000000473
348,0.3132499999999254
348,0.32874999999989996
348,0.3730000000000473
348,0.6169499999998607
349,0.07660000000009859
349,1.4505000000001473
350,1.2578500000001895
351,-0.28624999999988177
352,-0.13030000000003383
352,-0.018399999999928696
352,0.004899999999906868
352,0.2370499999999538
352,0.2505499999999756
352,0.37175000000002
352,0.407950000000028
352,0.6076000000000477
352,1.2504500000000007
352,1.3265999999998712
353,-0.48634999999990214
353,-0.3888999999999214
353,0.8043000000002394
353,1.094400000000178
353,1.462650000000167
354,-0.4592499999998836
354,0.06335000000012769
354,0.08315000000015971
354,0.14445000000000618
354,0.44745000000011714
354,0.7019000000000233
354,0.7385000000001583
354,0.7922499999999673
354,0.9720500000000811
354,1.1840500000000702
354,1.469000000000051
355,-0.45004999999991924
355,0.7842500000001564
355,0.9764500000001135
355,1.3646000000001095
356,-0.2696000000000822
356,1.4149500000000899
357,0.17030000000022483
357,0.36550000000011096
357,0.4269000000001597
357,0.5864000000001397
357,0.8074500000002445
357,0.8539500000001681
357,0.8824000000001888
